484.9920095
183.5389821
133.4746597
83.67402798
131.8803041
169.3761972
81.67859075
192.3054739
163.546194
312.7652425
84.45176005
401.6641098
133.5499156
244.8971633
256.7417786
167.8430776
221.7874043
105.8298793
157.9640256
118.8493828
281.4899782
209.5392295
194.4963264
259.0604979
175.9454124
227.4450113
215.2701182
82.66431532
201.9283272
272.7808414
162.0340943
289.8221496
253.2234532
153.138279
399.410401
269.8232685
310.9452939
160.7120986
319.5165556
277.2618501
312.6911369
208.8762202
154.2541142
211.9231067
253.7555478
145.7255623
218.0372754
97.995266
199.5102751
132.4193829
123.5079669
169.7019329
62.02969396
89.69551989
172.4013023
153.3157188
82.80867058
47.61134604
240.8289329
176.599321
244.5121377
350.2311209
273.9622414
121.9726902
74.61683923
212.056549
113.5444606
108.833383
795.7367698
166.8532562
307.8089444
430.4289866
156.5197352
119.2756332
271.9540041
77.55355644
262.2317073
150.8011529
32.49325159
120.637562
73.38724359
216.2318611
114.8972762
162.3531254
264.3374462
188.7462386
403.3162188
149.8106759
176.1564763
121.9508487
178.2732847
89.84824458
240.8198929
142.9100771
214.9567922
257.4580922
394.5812164
335.261505
237.243808
128.5410837
186.48083
326.2836079