235.3829658
251.0356472
241.6188397
96.4998181
29.22072025
32.13554672
262.9923643
307.566898
120.6125605
208.0186752
107.1438615
307.1324636
153.6221858
74.71789172
126.2581421
108.0972021
27.21708906
64.72853672
177.2569866
118.8079212
108.0883362
209.7794067
113.078031
367.3427128
224.9553494
121.252045
175.5836428
156.4704876
132.8417485
139.5886151
145.7775622
301.2730937
250.6327625
184.5582271
179.6423193
203.6408518
454.6794809
281.7570585
354.2927197
457.7917699
88.66842496
303.1417101
132.9445237
237.8014132
260.9197295
261.1828128
186.6186134
378.4565846
128.099368
148.9020132
317.180447
68.07532782
162.1625392
279.7218677
148.5707709
209.8120189
158.4305157
136.1542104
197.5464795
276.4063729
547.2043855
368.7852939
427.3798461
289.2334935
114.6004187
586.7533909
157.7566478
131.8931
181.1528646
167.4396574
142.3966926
94.8325044
80.82109042
326.9107283
352.2201445
128.1231599
342.9429332
410.8267252
193.5003004
379.9202443
295.543386
387.3171058
312.486669
223.181309
472.909174
599.2000584
281.8493723
235.074271
425.0213705
272.0747649
220.5686849
326.5080438
153.7661726
212.7844273
136.7691191
71.9469668
149.6195576
88.61786938
200.0688915
286.5238956
106.8880201
357.6130139
139.6705773
172.4188765
52.69107582
246.3412651
100.5343527
304.5325177
162.3819928
148.6986128
194.8577679
78.85037883
102.2896327
409.6378935
184.5027396
199.2580686
380.6962578
230.8345131
204.8896367
622.6228663
219.5664912
147.151027
191.0445434
108.9086397
104.4158191
189.9231469
246.6832931
183.279733
99.43563398
362.2636275
202.7610533
218.4827234
583.4310736
459.8977121
260.8445268
194.2675619
130.4448503
47.05156406
50.3413281
473.423913
277.1325586
41.00626064
270.5569293
216.4681429
283.7901622
112.0152582
47.70149781
339.2904957
150.2965828
200.1566841
292.8410038
84.25429936
104.9572238
72.70262657
99.92414142
233.5320393
265.3613327
278.0912443
123.1687187
133.8400777
124.4359718
127.5477526
129.1825602
58.16993636
52.6426272
59.26805808
79.68199737
226.547788
145.395126
119.5328076
114.4118881
119.9956166
133.5082293
89.6961019
34.62550781
195.7591756
91.53920033
113.0750034
115.0861531
113.6902337
56.95905493
83.29989563
167.2560738
54.86618015
81.92369805
111.9356206
55.89893719
80.71600521
192.484608
88.90030837
43.33267162
23.27758635
70.10840194
59.83607382
179.894636
81.52114951
144.6866164
106.5903156
109.7826758
152.2052452
57.39561052
150.4836956
112.2102907
181.0319118
136.4554059
121.7355553
90.84680016
161.1042355
79.28658921
62.1036358
53.004764
79.5265183
57.14842204
181.346643
60.85942748
185.6748872
174.1382395
80.35342866
158.4445062
86.13973894
67.42529418
102.6672187
74.98318287
71.59164409
164.4743233
234.8875861
150.5108573
128.9595379
245.6183543
93.22435984
84.16111876
60.72770511
57.62201491
47.22005272
58.50222808
125.3952126
808.1565978
234.2830622
284.2216727
207.8922276
881.8249605
226.2197318
89.40006885
630.1485084
131.0946163
439.4293459
53.55347827
103.0679412
144.6874828
59.00367615
96.4004443
85.81091586
149.2115322
71.39387832
44.76529781
93.69883559
148.452876
137.5608289
143.7431373
146.3348883
220.169697
110.6839964