88.23182539
226.3804905
115.8708828
219.5422469
231.9081312
761.0368666
68.36637939
109.744765
350.1160527
226.4218181
210.3232368
104.5001496
44.15085719
200.4680903
226.1117337
371.2216898
96.4346945
176.0521946
261.0540287
179.3426252
130.7687278
345.8216188
218.1788954
190.4108778
300.9938508
275.3548054
322.7323492
102.9161216
548.9405444
194.6902196
84.66333735
73.17759441
160.6134647
209.5476194
95.868885
228.89398
67.01798281
360.543463
137.3412015
315.3393986
47.22598843
278.5055161
55.88608672
72.24489021
64.72427543
397.329854
273.8813102
146.3509881
68.16924903
46.19054287
85.69407293
281.8007135
177.9900083
155.0416482
280.1060623
241.0921985
524.7849095
847.0918872
253.9437141
584.2507728
370.6135601
286.4101999
695.9495027
378.3006871
100.1170341
87.7947182
115.585066
291.0423195
81.62794002
88.26274081
702.5794242
1192.668516
138.8196464
448.7590727
102.4094385
139.3356098
112.236731
102.0496471
1844.470494
947.0010021
706.8193576
589.1482455
691.1657485
524.1053681
953.5438041
575.8262855
243.4549236
353.4043833
156.884799
73.6273505
184.1663441
540.1148105
935.4985563
236.0202699
245.5352128