282.1381787
294.481032
116.3267954
255.9866995
197.1539064
303.4265719
235.1760205
183.0434335
123.4439264
330.9770885
558.5285104
279.594952
89.14408612
140.6535973
344.4025687
409.7458451
227.7845943
548.3633187
271.5144705
257.4459568
251.8814491
300.0806143
249.2459618
735.3711349
200.2959499
239.5527391
289.694266
228.9525428
328.9440908
435.1433358
302.826923
232.4110988
586.6374973
340.7652734
441.0372669
422.3421404
279.1911482
587.7213279
389.0013842
546.601497
201.2974892
215.9206055
134.866521
106.72165
169.1959769
171.0379005
279.1656302
741.4502844
133.711191
326.2605925
948.4946012
1220.832121
571.6744059
152.9685417
205.5209255
161.2008845
243.5302261
97.13366628
239.8309537
188.1702614
205.6054847
348.4072804
354.94352
261.5389372
417.8036843
683.3586345
367.6644532
193.3277806
277.7909501
590.9809497
288.9473281
199.0013514
403.7924085
523.7746259
317.8901057
557.7662967
371.1434791
402.4551888
349.8018005
138.613868
380.4699081
316.947828
204.1383967
497.0873878
143.9822394
184.4967337
185.0979568
443.4916626
157.7926141
81.37273506
321.7805941
228.6520245
226.7800195
362.6259517
111.7888076
554.7308926
1076.091124
84.35500267
263.5499149
340.3938567
299.7229668
350.0741645
468.5961506
26.5084132
983.8877393
958.7025648
677.1649655
424.8829304
372.3867927
315.7932377
154.6593497
156.0164564
191.2724826
185.4390502
592.3493718
185.8084558
319.4560759
194.6346865
346.5319232
548.4058227
139.2739903
313.5012657
383.2177869
181.8270859
295.3665914
582.7247374
165.5059942
150.8658393
472.0889954
264.4139755
1489.517041
1276.909736
710.4387015
183.7194938
143.1578544
54.42641074
322.0827886
233.6403646
450.7707062
382.9792291
85.78767074
171.4261826
43.44489625
83.39153699
312.1318302
112.1570128
1144.477325
285.5618972
465.9491312
691.4623123
347.1349781
559.1388422
309.9376085
225.6675239
245.4640939
330.0505381
209.5844147
212.6515972
494.2557373
554.0689382
201.2251666
370.7608339
284.5801094
155.6375
580.3313383
275.5147017
478.3452805
303.0586185
346.4725423
149.1507438
271.6264508
479.9143689
309.8069544
428.2830826
509.2422496
182.0911724
146.4971631
772.1196802
298.8035138
265.7735734
205.0688708
464.5369135
126.9279223
214.0042327
266.5252723
344.3438591
627.5367189
221.0216248
557.9036175
326.7456678
504.9811022
370.9381954
315.8703995
301.0760894
1186.35093
129.1821344
204.2655443
641.0583623
470.274913
242.5362792
265.2102353
186.2962743
188.1119164
228.4167024
164.7150383
235.8250736
560.8847148
348.1471587
60.4750999
167.6959538
104.8732186
284.8918528
201.4224859
158.0221876
319.8744267
171.8907668
154.8564674
268.2670256
142.7863083
271.7838795
161.8056794
264.0305991
64.14226457
190.2721968
391.9944899
410.6515432
448.1257345
500.3887273
315.6923305
421.4422179
409.9497844
892.9853674
1578.972939
104.0943265
1287.156447
370.8840022
257.9226428
230.0058333
1799.467228
657.04277
218.1022621
137.102478
192.6505646
97.5317727
98.5796812
101.842216
107.3616062
339.0788303
127.0006901
270.0636783
184.4582166
812.8358062
250.7273861