603.3121558
179.3729405
497.2484183
480.8672829
965.2004317
349.8429247
322.6181012
800.4623714
461.332315
491.1090133
895.0759877
123.109845
287.5487536
345.7909947
755.3074109
582.8005366
344.4720151
649.688701
627.3000361
701.7659199
518.3433675
481.1123806
673.2316334
499.9069136
473.8360735
318.4921472
213.2815974
350.4029324
237.7274318
1211.308437
377.4915496
213.8240374
163.6530481
174.513958
258.221508
613.8703288
136.4364451
733.032823
377.4059428
404.319745
185.7550961
488.1730194
321.0579898
466.2643734
416.5134426
615.6703037
649.4115909
652.5048722
1579.791267
778.9963742
262.2300737
166.3029621
430.7157883
346.0046208
44.76786844
422.1886581
253.1367075
301.6583098
522.9200049
114.1579347
276.7709943
317.5029979
127.4642128
318.7955739
340.2784583
94.89266288
70.94548232
300.4262278
211.8084341
212.2141157
199.0521729
128.7412969
95.16148061
71.2367016
146.0352383
62.71329007
158.7380254
322.7029985
505.8701874
226.7029624
225.2916693
325.0320121
155.4899583
773.2339536
1131.991511
218.6358252
907.9751698
1116.314213
449.2252798
363.6958789
652.6131032
765.3054881
394.1288729
968.4439173
1639.325864
997.3278714
980.7100069
232.7303601
558.1468376
752.9585048
646.858328
1039.120532
483.410904
609.7247188
574.589697
508.0342528
506.8354742
537.170241
583.3453805
585.951793
535.9776289
758.3250495
481.7367945
290.0487743
301.7409405
617.833412
685.1002164
212.2831486
634.7749399
852.8071521
745.5359889
1221.599287
860.2150453
1093.5974
704.741743
518.7183605
1577.491871
1000.457882
1564.172386
360.702169
360.7338084
1073.200557
369.9477852
1690.581533
964.1377405
185.6627018
694.7924368
453.9971889
1194.345695
719.8977811
1817.910559
1463.158091
222.5004416
166.9542517
563.1948585
923.855708
234.6032423
863.674121
886.8712949
438.2536996
805.1459184
1033.764832
397.2579902
275.6869511
724.383379
219.7429301
551.273784
345.1619807
476.3618397
109.5390295
217.1501319
147.2979471
500.0539471
304.3793689
577.6798242
330.1921926
661.1772879
974.0783127
2343.687832
1479.712025
937.7818935
978.731572
904.3449526
563.2221725
700.5844986
2037.857388
902.9870573
649.9508228
107.189804
1877.713541
640.6485961
702.2773795
1167.177413
1327.439782
874.013839
597.4066318
590.1191285
537.0811891
639.8263183
1405.030814
1821.350691
360.6804851
736.4052443
532.170943
733.4022487
1309.243979
981.9458809
516.0031503
271.9950838
919.1668736
300.9813613
116.0238298
253.9715368
1562.986889
1076.627115
1202.149986
1101.698029
422.6946763
561.9158597
501.0386912
261.7369753
95.33861804
76.31529889
53.69315856
920.1886303