595.8443258
276.4482456
286.7301742
407.8731695
148.1306307
792.0871249
596.8348911
534.1816309
39.88163223
301.7771789
345.9946205
230.3362022
511.9396756
295.4548762
406.4524258
688.8409134
173.6496503
584.4423231
304.0125649
433.9586295
667.6763465
190.7224618
857.8987299
1373.766912
400.6728444
593.455407
638.591497
265.5935625
420.3252414
361.7488754
1713.079777
701.5270421
830.5740177
323.7013642
752.062436
460.1174078
333.0203793
508.2908641
984.5714415
328.6476107
510.5968992
213.746811
615.8472413
688.6570755
184.3641681
212.8746968
399.1917254
494.4008446
90.27795837
213.105265
688.2383836
654.4076709
732.2684896
600.4940325
973.6726561
77.21789636
231.4964782
297.8298967
306.1643276
227.4779438
647.2176624
763.6109404
177.8999479
155.15264
747.771753
533.4716555
407.6153025
186.8283307
219.4000804
387.2097341
216.1558971
599.9627228
389.090425
414.2912831
343.1666311
519.0870595
740.4173634
412.6128324
222.15539
185.9770744
90.56184996
178.1644018
1001.236158
689.3788755
368.0569991
230.7819155
259.9691581
313.8812207
578.5906401
190.1828434
526.6913338
373.544654
521.5143682
427.8204177
457.3167892
468.213302
1059.518248
233.8714355
307.348285
339.3453392
623.8144843
290.2615941
236.884766
167.1803054
891.5165736
237.7692928
217.9887872
219.8705114
651.7469762
365.6781288
96.59517527
135.8205044
395.3271988
83.75331042
222.1659902
122.3744564
154.1271872
159.8317762
97.15073198
80.46611074
80.10768708
668.258505
853.5411336
479.5708516
894.5582408
651.7571598
196.0620306
127.1531531
657.0181688
594.416416
687.9088096
276.6809641
251.3674886
290.3439183
431.7926982
108.5183622
260.2827786
89.98253885
139.4912064
82.1800315
255.0361945
54.9277252
54.20108657
218.7749716
22.9645021
57.41848948
241.1032602
245.8450257
226.3262403
409.6214589
309.8750856
231.556399
192.5407076
399.9125942
71.96334955
228.2640652
225.0634542
178.1757594
114.7179713
480.4319084
269.3553774
73.72746594
380.1554058
41.64574862
115.1085971
113.704744
512.2018638
159.8175498
133.3740281
70.42464805
285.0117397
298.7934644
141.3568295
132.4487415
187.875432
159.4792754
15.89646666
237.1683251
221.9146463
128.5288307
157.8817124
176.6654099
179.0641714
93.99879132
56.3828588
103.2984677
65.40146646
568.3976842
135.0452129
119.0338769
63.30501069
119.7663109
32.08171743
83.43493673
82.48272347
140.3850487
21.17289166
121.0274441
171.0531394
267.5355791
257.577569
297.6858972
416.7234162
201.7400178
245.0082484
208.8392535
162.3688547
250.7218471
125.3755969
104.9555107
94.74989299
126.2250907
65.03087601
211.5200803
111.9546878
82.26767969
95.76087508
74.53682888
416.8871506
200.2617973
210.5094936
221.9457754
248.4570122
179.9946896
163.89559
193.4605685
99.67593177
148.7626418
100.9680782
182.7746938
228.1293415
245.7810748
106.2226001
265.5508982
39.05557761
94.97526834
134.0681124
44.65734729
206.9320418
79.12160187
183.068028
228.9455464
316.7316279
214.5109576
337.0101643
219.2497003
456.6076983
123.1503611
197.4118629
193.3350297
20.75356976
71.34590881
105.8175857
44.78652764
37.85982568
120.7898369
50.13956826
37.4551828
129.6688582
57.81576583
48.47089781
202.8908933
471.4456695
1257.420445
839.6582324
154.2763227
870.6664618
802.8129856
912.5539784
166.5105357
150.4155948
108.4696983
188.3422193
17.29960389
196.4160205
126.5106284
248.9887332
302.046464
114.9104533
124.4296313
127.041442
121.4358943
58.74656048
131.448472
73.18462534
63.06867322
87.30378567
93.49644815
185.5974093
108.9070151
76.58121597
1538.104329
259.6401362
337.0722468
758.7464772
211.4666527
261.0813046
227.6123382
301.2870821
365.1180705
730.3442027
967.6573638
1342.766665
355.9261474
646.1718029
601.359078
831.4693146
1121.800274
2070.639828
533.9652817
415.5376255
623.0607219
626.5380687
117.1775582
843.7559265
1041.261978
1187.253422
1537.49533
668.9720171
1885.650102
172.7135134
1187.388115
354.9920499
1559.649858
1473.248413
211.3903466
151.9875758
201.5541569
61.86656954
268.4661213
20.61513862
59.27350131
224.9966649
166.8020743
174.4228614
189.0277188
299.6880781
195.3604101
195.1104328
116.3881822
101.6147451
553.1465958
117.997451
866.1436208
4135.338148
954.0879259
2744.162145
303.9338996
82.93039912
322.3255198
332.1076356
109.2687751
547.3441844
666.3646024
118.5704549
216.5962715
42.02831832