638.8576043
642.4479613
915.1089799
744.0542894
479.5263381
1519.60327
767.8482457
435.6424604
507.5203339
1814.15006
694.2464126
1302.812385
690.1335488
348.6424992
1017.122331
409.9736954
692.8496448
300.378625
94.00442671
1172.662241
1375.411917
142.4689615
652.3452527
824.3960357
882.0419816
1199.966693
1050.279668
431.0829447
730.4296844
1125.734027
446.9445975
603.0028513
475.3581225
390.8021361
527.1067889
672.6821024
400.1709554
862.527317
464.041236
694.4762903
853.5761185
381.5195803
1545.02007
3099.405265
1397.394794
878.9388436
584.4335561
2190.851081
531.0501393
828.8491912
795.037041
522.509536
782.3468519
503.2330672
272.5098673
164.0993641
123.9055795
149.790651
186.9716821
564.3163898
406.6903429
533.4764336
762.5042546
1788.795512
861.9640895
1811.980627
2004.644701
973.284767
565.4152943
2140.932598
630.3771568
912.2904111
541.0771794
712.3648592
432.1276505
496.5987754
1119.865464
949.8380892
1247.249714
970.6866261
289.5463161
82.82762632
532.4467162
221.6336933
2005.771914
212.0235869
826.1475593
2422.675096
399.1299424
1507.964083
592.5398122
1411.981083
385.5629942
223.005376
1726.303197
1998.839939
264.1159098
997.8269374
914.9191846
926.099849
111.1393352
1490.113544
494.7968565
1248.258383
200.1231497
100.0858211
135.4841419
155.8839191
636.3461986
1080.932941
1563.874471
565.8529463
684.3682816
829.5507258
1347.738037
44.09353
2577.852424
1067.388269
1436.909492
2761.734354
3470.322594
783.2234412
408.2872469
5359.087195
568.5433151
885.498713
180.6707243
2994.197717
618.9622734
1740.861913
787.1901673
1004.602972
1475.802333
480.7809842
946.2270724
1153.977698
195.9425472
2092.882607
560.3633079
470.1240315
455.9821464
282.3814819
813.4120905
944.5043827
741.3976468
892.6964636
987.3257145
315.5788486
317.606432
214.8331919
549.7627608
886.5625104
185.6241938
646.9898718
872.2012022
424.245464
1118.285017
245.321719
354.5144299
413.2507531
424.5234346
906.8697725
809.2175333
1461.387766
718.5804161
418.6483774
1166.459462
471.0465942
3704.240811
309.0744945
725.430058
1305.378496
166.4338703
154.4838587
1783.64484
784.0131514
752.6305388
1052.995265
81.95580908
572.1795619
346.3716605
790.0813066
330.390927
393.6266194
557.2119153
331.7624668
318.6624318
319.2798724
1368.509384
521.464311
277.0817748
1171.978566
424.2756659
328.9736944
531.2089404
1265.102463
302.5322768
691.0015802
857.0990913
727.8441976
732.4070235
471.4790381
789.7354728
282.4091473
792.5256033
1029.347036
295.6192958
375.5338861
559.0987966
545.9780584
1181.030544
263.8862788
1479.387773
562.4630058
869.8371188
326.4552392
482.3724511
372.496458
1129.37681
1920.663407
856.2511752
376.8209199
932.6688199
1320.095579
2029.775821
512.8674887
504.4112911
402.8989913
807.998944
385.4362982
365.0286754
272.1887715
412.1784539
464.104381
160.5205944
408.3457008
993.0872986
869.6841992
779.239165
89.78976296
352.1832313
755.5570953
1024.63832
1173.828903
2476.701753
1718.167559
1264.213957
1090.712663
452.1048071
500.0657249
588.3025585
291.6597602
1411.390659
399.3862134
1432.628722
229.7618366
330.6009689
251.9930178
293.0097398
393.3596015
226.1441501
473.3379675
1519.907388
785.7786523
527.3003515
681.5058593
46.44462818
190.1400307
147.928915
270.6340088
133.2895633
427.0840331
90.25808425
94.35309711
440.915558
126.3023502
1089.281046
168.7837079
500.3966521
747.3520026
456.8244342
1217.191096
1023.437567
817.5153053
1752.14109
1062.78292
735.5889995
170.7802953
534.3246417
975.8458522
2735.727307
458.1488716
812.8118653
263.7101407
782.2965641
552.8989025
946.1195127
819.4068
469.9207936
1394.767955
858.380014
444.5184546
478.6901607
705.1126525
537.0952954
420.5061439
1333.109299
228.9302924
720.5719576
1045.616706
1396.727252
409.1157089
668.7501466
1148.502043
88.17117171
363.3690557
566.3124356
489.8225109
574.0607197
1040.904232
317.4916286
365.3442529
142.885892
785.2399879
220.1731616
56.13099352
165.2423519
70.64536821