245.3370212
269.1528331
244.4358562
134.215048
199.702471
380.8039493
108.5805112
458.0334284
106.8608485
199.1760605
154.4549681
190.2957364
91.8704749
270.6608337
218.1210793
242.1162605
340.9509285
276.6470659
80.16453832
142.6540177
132.5603041
233.1762285
86.75063888
90.08161635
310.2560187
206.8768643
237.3497997
258.0498669
207.8394369
199.2737311
92.52905734
387.0605303
133.9131465
128.5123625
282.0816933
467.8944737
219.1761388
133.2836848
292.5900785
228.677482
31.28236574
129.0454204
35.5277618
134.6954616
288.3874171
154.073159
72.61589376
161.1440227
116.2621229
130.7587802
105.5671457
59.75011762
148.0774349
117.152077
250.2321274
190.552555
308.5550706
150.2065414
561.3963765
217.8726879
319.2548699
238.9105843
321.1766139
199.4312632
170.4501663
605.0692589
93.43094086
110.7558698
389.1979818
305.6446265
706.8976604
275.8691322
382.0136683
308.9570945
168.1223077
255.1713493
99.14146453
173.1737839
261.8343602
97.51422244
102.849192
232.6805385
311.6029602
221.3624131
305.7153918
223.4643583
171.5520226
57.12761685
203.308724
419.5202161
131.9251701
54.43651462
139.0906276
130.0609772
283.4541068