648.5936951
218.4914939
440.2693795
849.490666
1327.112646
288.1034061
880.3973309
724.3238254
472.9298328
428.8225423
643.8406607
248.7137844
611.6074235
440.8348584
322.6831821
373.3682772
627.9461693
745.8833982
1146.478614
260.2323753
294.2520136
219.0046267
353.22083
322.735549
151.5168038
458.722869
201.4585104
414.3013918
898.8552595
459.7183111
242.4288003
280.4255362
291.3150229
117.2531639
373.2592685
776.5538239
641.1018479
285.3587839
1597.822039
66.79033811
845.0678817
387.9801579
905.9619934
340.2224547
363.058194
284.9458206
224.1775195
1571.408675
518.1654488
404.6298639
798.5653589
383.0400806
508.9254222
505.9612741
1305.166293
469.792431
498.8361232
725.2831168
694.8703518
211.0901819
748.9493076
866.0761634
883.8053067
401.9049259
1601.498384
247.8754863
698.7496918
486.7687216
799.9573948
1417.699932
683.1673371
1318.628548
1262.549692
1314.70742
1408.12619
453.322987
1608.265492
384.5244481
550.067733
560.5413725
519.6932579
257.8536816
347.513478
174.7669108
365.831001
472.5775061
110.9525617
511.6743394
582.9847309
35.88366442
996.5311588
1846.278922
103.0117988
231.1879614
505.4774819
615.6628345
265.8793122
228.6900584
1589.278723
896.1767113
478.6668463
266.3508413
43.49167548
159.4436219
400.9044698
336.412704
410.9254596
1063.445933
234.9574113
341.8265742
440.6968171
15.79980886
1792.868911
339.9590818
2331.314728
533.4998784
458.4656079
555.3437552
258.5332296
1607.937823
645.5381302
85.77829914
395.2272456
210.2784052
265.0512011
109.4876369
267.1354835
982.0723761
1208.117532
153.5418875
100.5047078
225.4695325
95.10256765
150.0939708
117.8490792
667.9479093
94.69614081
498.4912908
154.0213144
275.2874295
96.07316628
323.8360627
140.9599602
182.4328615
540.1031909
431.933887
384.5539875
460.7312641
172.0405211
153.0090722
616.6797863
240.7569604
259.31565
389.8488229
292.5882838
1144.53337
524.9652387
452.2969365
425.8997333
203.1998093
292.9930232