29.17880084
43.36129088
53.80555117
79.00357239
87.26075473
87.47777352
93.55626359
96.2472133
97.89503601
98.3216014
99.38495475
100.7388186
103.0287049
108.530963
109.6622377
111.7690878
112.1401864
116.9464198
117.073977
120.46025
120.6814376
123.7681687
127.3932778
129.5873027
137.2790604
138.2336867
144.0788541
146.4124934
146.8594118
148.5108793
149.5561207
150.3668397
153.0454864
158.3706791
160.9373576
161.5075128
161.9136711
164.3445967
165.6526965
170.3302017
170.4875022
173.0164191
173.4162873
174.2791153
177.1956949
180.9065773
181.3732206
182.3107575
185.2385714
187.2019766
187.7691928
188.7960488
196.9817252
198.4942506
200.4302936
200.8757609
203.1203198
203.3327949
203.3736039
211.28036
214.5047252
223.8276591
235.1024857
237.5081755
237.6107323
241.7554385
242.787224
247.078167
250.2399159
255.197643
260.6603504
261.9485386
272.2957325
273.5904173
273.837969
276.68602
283.0374696
294.2287816
294.5356893
297.0562057
298.7405169
309.1124714
312.959634
317.4961548
318.2782924
320.2067336
326.2413907
333.7148251
341.1149016
355.3994563
356.0715006
358.5580648
359.2861907
361.6701202
373.6022334
414.940836
425.5978384
452.7986346
460.5866485
499.2904531
570.0338371