37.58828079
55.28383229
56.43912498
57.93884405
59.62454086
69.22896909
71.01378424
71.93814787
72.76215479
72.90354541
74.65992757
75.8128009
78.45293422
80.39068538
81.67640635
83.58517002
88.76025814
89.80785029
90.72598792
93.47118413
97.49263453
98.12267605
98.41489919
99.81980457
101.6635098
105.4689609
106.0652108
107.2608736
109.0671985
109.3528656
109.6356359
109.9117086
113.0414657
116.4600883
117.0739769
117.8828551
119.469885
122.2690075
122.333074
123.4003013
125.9876826
126.8346044
127.1393328
127.2174667
131.456903
132.7716629
134.3741957
134.6651108
136.2470588
139.4677549
141.8859711
143.2084518
143.3081103
143.4604683
144.0495052
144.9961608
146.9869511
150.1791618
151.3929993
152.8102855
153.9368497
155.4690609
156.1873084
156.7600115
156.8103495
158.2412439
158.5996798
158.9972939
160.2972796
161.4292544
162.2053975
167.3732234
168.0031177
168.8511441
170.1868323
173.7358045
176.7392648
179.4204536
181.3889717
182.9199286
186.2606958
189.5333092
189.5631932
190.7213526
190.9282534
199.2996537
205.2812844
211.0344037
213.0422608
216.9663596
218.5140804
222.5024143
228.9193086
232.1605108
232.3537354
243.0255897
243.0818033
243.2700855
284.3380331
295.472209
296.4051627
370.2081021
390.9848347