38.18855109
42.36294042
42.39568135
54.79551936
63.25057453
67.18203401
67.71966947
70.05282031
72.5941944
73.44471303
74.02200217
75.37820784
76.24277605
76.34261313
78.73313659
82.0518207
84.35836764
85.47844158
88.90932828
89.79072617
90.48520739
91.41902787
91.46103642
91.54318652
95.34954608
96.32832144
98.00155126
101.5397108
102.0835375
102.5167618
104.8545827
106.5264974
108.7153328
109.1022008
109.1911402
110.547119
110.8200746
111.4751391
112.5842305
113.9410159
114.1915366
115.105097
116.0172571
116.4386549
117.2573152
118.4742521
118.9054727
120.2329354
120.9976041
121.8374413
121.9508487
122.5203089
127.863439
129.1781257
129.699975
131.0038462
131.612099
131.6743737
133.5184122
134.8232983
137.5114758
137.8212604
139.4667048
142.0735707
142.9214328
143.0194392
147.2268524
147.804955
148.3098634
148.7859118
149.796099
153.2224377
153.5319894
154.5197983
155.5707426
155.5950692
156.0435013
158.8404834
159.3167022
159.3297115
163.2921939
164.2319771
168.4055658
169.7024548
170.0085239
170.276405
171.6415906
172.1329608
175.8477251
179.2183034
184.8051971
185.3474744
185.3851228
185.5141105
185.995333
187.0909647
190.9177672
196.1949489
199.1658217
203.0061645
205.0687345
206.1257387
206.6117028
209.789846
210.7222412
210.9771245
211.7989787
212.4071001
214.9575872
217.1861843
218.8260425
221.2647433
221.7074326
223.6731624
225.1550392
228.2701325
229.0775191
229.273532
236.6100163
247.151859
252.1174397
252.2616492
252.3316598
252.9167758
255.7352785
256.2604881
263.0801633
267.4876542
269.4477836
283.0724033
286.2887367
309.8241734
324.2106367
326.6810861
333.2667956
344.3072242
373.2669957
390.1553502
407.2735713