32.49325159
47.61134604
62.02969396
73.38724359
74.61683923
77.55355644
81.67859075
82.66431532
82.80867058
83.67402798
84.45176005
89.69551989
89.84824458
97.995266
105.8298793
108.833383
113.5444606
114.8972762
118.8493828
119.2756332
120.637562
121.9508487
121.9726902
123.5079669
128.5410837
131.8803041
132.4193829
133.4746597
133.5499156
142.9100771
145.7255623
149.8106759
150.8011529
153.138279
153.3157188
154.2541142
156.5197352
157.9640256
160.7120986
162.0340943
162.3531254
163.546194
166.8532562
167.8430776
169.3761972
169.7019329
172.4013023
175.9454124
176.1564763
176.599321
178.2732847
183.5389821
186.48083
188.7462386
192.3054739
194.4963264
199.5102751
201.9283272
208.8762202
209.5392295
211.9231067
212.056549
214.9567922
215.2701182
216.2318611
218.0372754
221.7874043
227.4450113
237.243808
240.8198929
240.8289329
244.5121377
244.8971633
253.2234532
253.7555478
256.7417786
257.4580922
259.0604979
262.2317073
264.3374462
269.8232685
271.9540041
272.7808414
273.9622414
277.2618501
281.4899782
289.8221496
307.8089444
310.9452939
312.6911369
312.7652425
319.5165556
326.2836079
335.261505
350.2311209
394.5812164
399.410401
401.6641098
403.3162188
430.4289866
484.9920095
795.7367698