21.83724126
28.37707286
36.44052696
37.88155519
38.78232214
39.14258814
39.55727992
41.92655139
42.05027089
42.2652895
47.43127123
50.81987924
51.29157674
52.83365364
53.84335367
53.84923403
54.60087354
54.92506582
55.36335731
56.21230998
56.88803765
56.91246049
59.87537379
62.500125
62.84637042
65.1759699
65.34350793
65.36751424
69.38017901
70.27483814
73.3746427
74.44129669
78.40253932
79.88616897
80.19629489
80.53775727
80.94070341
80.95698901
81.3005659
82.82020044
82.83314559
83.83034299
84.31132456
84.8326858
84.86296102
86.41020305
86.54139172
86.86020963
87.00874257
87.13279078
87.26495944
89.39000022
90.75603151
90.78796809
91.13453489
92.42154359
92.78536317
94.12515417
97.75221703
98.41774558
99.5623584
100.5133313
100.8145293
101.3324236
103.6679888
103.7315694
105.1056854
105.5097037
105.7335784
106.6601223
107.0573238
109.0822494
110.0331141
110.1256683
110.6753446
111.0870943
111.6447356
112.0969984
113.9518189
116.2822732
116.5889053
117.0926226
118.0207049
119.421668
120.1507673
121.010473
122.4013375
122.4432865
122.608947
123.8822755
124.3914868
124.3924497
124.6222251
125.4583636
128.7142602
130.3491347
130.6039798
130.8854894
131.4360104
132.4475457
134.8497813
135.4337386
138.4860334
139.6254286
142.1183047
145.9680338
147.6172727
148.0608971
150.9080499
152.8676892
154.0325661
154.9007079
155.6050007
158.9752423
159.5199747
162.4382106
164.2981278
164.3148448
167.4087912
171.6107262
172.6691962
174.2251567
176.9841527
182.5823775
183.014479
184.7645477
185.6610035
192.6189312
195.5875855
196.8499088
197.4242301
198.0201914
203.0945475
215.5876288
219.5709263
220.5970557
240.940502
249.2642895
276.1861812
284.8219702
292.4499016