886.4837896
574.6679282
803.0794141
655.3132505
727.583164
2092.490605
468.3904137
432.2785304
618.3858133
302.5320545
283.4837098
359.4130603
539.7849985
363.3085315
435.0906433
101.4366948
2260.107917
312.0385945
1337.811228
1726.710665
974.2121134
377.7957203
731.3181655
640.5943363
782.9640481
836.2051893
916.4724871
851.5222005
619.1558642
1085.257827
1217.75965
1246.725525
698.7143886
693.3487091
694.3902108
1523.457804
600.8689857
468.6158805
416.8826314
523.8627065
567.2364624
518.885756
583.3589567
1147.290381
630.2352319
1252.115871
1372.761436
731.7173452
718.3745877
407.4156894
528.3953945
1472.357888
705.9534528
773.7134912
437.9776135
864.5963637
1668.813677
1246.204192
1355.078455
909.9505647
557.701608
1109.777826
528.9888514
893.7842513
1505.211543
1033.716225
476.5466174
377.2902753
866.0271318
40.32266128
1471.838741
306.8890292
386.4050468
549.5284288
134.7840754
682.2278733
639.2032109
670.3618637
2440.810034
768.8856712
1254.666748
210.7412704
836.6920424
1219.588449
550.3232441
1834.301333
419.2148922
826.4216388
970.6485642
592.8999313
201.8821242
296.3267577
475.5485001
1050.809816
355.0461278
577.532517
580.7567391
944.5906414
691.0535535
582.1289588
1265.771366
147.2626725
687.9651802
639.6207366
756.1184244
451.6613177
47.44878623
509.5447662
274.389126
463.8717913
1863.361681
83.95296661
697.8550506
670.6633677
713.137112
438.1965471
172.8162652
197.1129781
80.55708032
196.4176308
297.6153422
579.6577834
294.5163044
1533.318545
1087.131298
893.3796684
839.4453847
326.7531733
411.0379463
227.0418402
347.21426
466.6768172
901.6104719
325.3071687
631.2630477
333.1080228
171.1991262
164.2389763
880.4019946
1450.891567
597.4213314
961.1702602
914.7718959
513.365062
764.7401914
1224.472404
1940.22403
250.0646811
2782.4206
590.0141835
94.11591673
971.8071894
1064.97757
591.0458638
396.0809236
624.670133
951.2743336
1274.61038
529.3527006
1937.775251
670.7698718
1017.823683
302.4331859
426.2868367
918.1316238
947.2054007
295.0390615
736.3015107
1043.166785
319.3209913
238.6024314
442.049815
140.7111251
312.2507386
801.2556572
469.3061449
106.1982142
647.2348737
275.8722835
244.8813098
215.6800932
465.1362638
167.8813165
282.7862073
131.1705327
335.6880231
639.3600274
127.2808537
119.0460133
638.9602451
263.1908538
2533.757116
458.099116
252.0065523
384.2064212
1160.903552
538.2783184