582.9626634
247.0762661
218.5516605
149.7243531
309.6463815
229.0697579
234.5937199
103.1478189
318.8559571
294.3806408
146.566994
310.5887389
125.6736557
117.7044023
217.7417197
222.7509531
196.0050573
621.5547993
136.9578146
1106.114282
152.9271577
422.6630364
287.9761824
553.0628467
200.5026386
282.0104814
599.7701225
445.6434207
268.4692601
175.8193241
272.8813111
775.721782
169.7682906
469.4298246
82.90578168
257.244449
712.44172
185.5280445
766.7099454
640.3511223
764.5893965
1544.861537
180.510842
302.1998315
417.03658
315.5603298
281.2764717
1221.192306
428.0847046
249.6326541
678.1346097
676.1239662
96.04378029
1558.120466
384.9763537
215.7585515
328.936761
729.4555851
539.9945163
826.8634
1591.831599
271.6493789
71.10405188
1474.803589
707.4255155
941.0186069
800.3553922
272.1369094
550.4338016
389.5566135
2252.085814
228.2749551
642.8567434
772.7031587
557.4112303
602.0568537
471.4925537
1215.291946
759.3016941
139.5746552
1187.573402
1655.586897
496.4680541
994.695266
825.3400475
627.5037281
1018.344355
900.0579471
1239.961364
1004.260643
564.2449893
315.150474
595.7318421
516.7669256
787.9641878
555.966218
187.5562758
172.9808516
466.515583
431.1674497
248.5458464
674.9245172
511.5407775
1123.8232
963.5727311
837.0589126
876.795598
1673.802289
1875.478483
5629.416469
1415.300047
1394.962533
645.1856361
736.0597684
145.0262823
179.0997014
215.0137258
182.4670131
459.4644436
747.9162865
552.0132957
603.9287917
1571.075296
1601.078782
3158.375415
278.1845733
296.9017502
252.360382
234.7965069
304.3743459
914.4820084
438.7771662
1006.069486
1013.950052
792.0298376
1168.192099
447.8806086
623.5167662
1269.471424
1215.336267
449.4243072
2247.235541
649.8247791
1096.707431
438.0445299
255.4566602
265.6278588
475.9127724
414.7727236
338.8939832
314.9162643
444.1053173
319.6762762
207.1776296
562.6019317
255.1297412
348.8030075
349.8343918
242.1731862
90.35202263
575.4291596
263.998708
160.8137851
895.3520423
897.1268733
1702.015889
369.8120341
504.719299
2123.669109
887.5441586
282.0527865
847.8122114
812.9094682
1104.32001
1130.341182
842.436388
963.5925971
851.474443
442.7217472
1112.395342
636.7832249
285.1927681
328.9096164
394.106844
175.8533953
748.444906
4856.334617
1153.58113
2161.957027
517.7296745
2176.690383
4072.488182
250.6339807
94.7957163
146.6687919
49.19525274
122.4278737
830.2436381
93.98139927
99.65636309
243.5234828
216.2768569
89.07750675
202.1947268
174.812843
176.4138963
277.785506
382.1127038
29.11258756
415.0442847
738.0094849
34.83348632
444.366107
146.8200304
347.4347966
223.1587505
297.5169402
183.6423905
75.22530498
50.21048891
64.91560941
81.38044885
1285.688891
372.756147
781.4604296
306.5431103
95.82224512
623.021984
570.7118796
565.9955273
580.0706489
869.2857553
426.5517346
84.44064309
146.8947465
128.467876
489.8516143
186.3820521
165.1734238
401.4156923
211.1173122
3491.150956
4807.983052
4154.715006
402.3422942
554.2990708
282.9453145
702.1934761
62.10451777
215.4851793
260.8095271
398.3491507
689.2543296
708.9265073
161.7129586
325.6122567
364.0274716
293.9986568
608.5873261
1231.066449
2434.113767
1190.269835
584.5618573
2362.287995