923.3418984
587.5881788
426.4469616
419.1047721
182.012816
489.5891107
658.1129124
620.9697139
501.3996923
697.3445627
534.2374597
957.7552587
335.3412218
539.5597677
686.3675049
672.2241433
844.526746
156.1155329
1035.067527
625.3804038
96.64370355
371.2744271
25.06251457
579.8766783
828.7168464
660.9248225
353.3104913
180.0479632
138.280982
230.7232813
737.6994726
510.8041806
804.2711907
455.9572064
604.7110437
128.0181668
646.044916
242.094397
374.5010819
134.5642812
226.1250742
339.387511
231.577579
213.7667224
127.2449478
463.1575256
276.7665294
540.1160636
426.8683218
154.4295506
834.4482496
908.9837187
196.0934421
402.5796818
663.1288571
165.3438744
249.5440929
438.8414632
347.939827
311.3446029
848.4828222
230.5617993
616.1544158
1479.437391
665.2259036
551.0144165
353.3111472
690.1251647
887.7089889
731.375417
467.042873
461.2314248
543.347861
415.8921315
381.3620148
458.8202184
480.9219409
322.4471519
468.5163922
357.1741513
494.613048
1110.300992
148.7577658
688.5613852
570.3142379
191.1723979
546.8427212
548.1966757
1054.757852
52.84119984
1464.939942
835.9140047
443.4677693
222.6169327
754.0684884
1507.278154
236.2163777
564.0673885
230.6234243
2010.368745
317.364546
684.3421362
759.3861459
316.197709
251.7394147
726.608455
848.2330332
590.4707903
722.5738428
1124.545353
488.2250159
664.6080391
970.6084119
534.6470851
1469.189918
1104.290083
491.0917602
726.0696643
102.3096714
648.0523713
281.2198685
635.977975
1064.739289
762.8234843
1482.602551
1027.213613
565.0246467
264.5633348
485.9115181
101.2457376
186.8324949
639.0074026
521.8424858
678.953398
1317.840847
1116.554419
405.7954668
595.8467919
323.0126954
1254.783397
1922.043192
491.6754803
258.0817177
1212.99911
177.6581695
1021.967901
696.8039193
997.1453491
142.2810305
62.57323222
344.910855
96.94148482
263.6807505
208.845126
187.42477
276.808176
553.6679417
656.9085612
378.7053943
161.2372686
267.4120459
805.8096594
194.8214582
1433.379916
782.5670894
80.60872827
224.7214274
304.8186444
207.0326634
515.6270346
471.0085865
369.4493836
595.39101
94.25247063
293.4739996
504.4396277
280.0020884
332.4199353
248.1506979
2042.897772
268.9612058
288.0797536
579.5452309
478.4936904
1693.347826
643.7560273
1231.222979
879.4319224
95.42609812
252.1536519
624.3765847
413.5631451
197.4978749
166.6160133
130.6208676
367.6842871
158.4029546
313.454438
355.753632
188.2588243
300.5851388
393.0513193
166.2635984
155.125918
161.8663704
151.560003
356.1812896
111.333598
135.5201943
738.1826331
240.8102267
46.05062209
77.19973701
108.5516522
251.8761165