6417.066449
5830.79826
5629.416469
5359.087195
4856.334617
4807.983052
4458.977592
4154.715006
4135.338148
4072.488182
3704.240811
3491.150956
3470.322594
3168.297717
3158.375415
3123.463469
3099.405265
2994.197717
2782.4206
2761.734354
2744.162145
2735.727307
2674.083423
2612.132383
2577.852424
2557.122692
2533.757116
2476.701753
2440.810034
2434.113767
2422.675096
2362.287995
2343.687832
2339.469724
2331.314728
2260.107917
2252.085814
2247.235541
2232.675516
2190.851081
2179.025857
2176.690383
2161.957027
2140.932598
2123.669109
2092.882607
2092.490605
2070.639828
2068.649162
2042.897772
2037.857388
2029.775821
2021.271658
2010.368745
2005.771914
2004.644701
1998.839939
1971.52331
1940.22403
1937.775251
1932.194514
1922.043192
1920.663407
1885.650102
1877.713541
1875.478483
1863.361681
1846.278922
1844.470494
1837.99507
1834.301333
1821.350691
1817.910559
1814.15006
1811.980627
1799.467228
1792.868911
1788.795512
1783.64484
1761.421977
1758.102437
1752.14109
1740.861913
1726.710665
1726.303197
1718.167559
1713.079777
1702.015889
1696.875788
1693.347826
1690.581533
1673.802289
1668.813677
1655.586897
1639.325864
1608.265492
1607.937823
1601.498384
1601.078782
1597.822039
1591.831599
1589.278723
1579.791267
1578.972939
1577.491871
1571.408675
1571.075296
1564.172386
1563.874471
1562.986889
1561.26666
1559.649858
1558.120466
1545.02007
1544.861537
1538.373718
1538.104329
1537.49533
1535.313248
1533.318545
1523.457804
1520.69259
1519.907388
1519.60327
1517.831465
1507.964083
1507.278154
1505.211543
1490.113544
1489.517041
1482.602551
1480.511975
1479.712025
1479.437391
1479.387773
1475.802333
1474.803589
1473.248413
1472.357888
1471.838741
1469.189918
1464.939942
1463.158091
1461.387766
1461.03919
1450.891567
1436.909492
1433.379916
1432.628722
1420.15789
1417.699932
1415.300047
1411.981083
1411.390659
1408.12619
1405.030814
1397.394794
1396.727252
1394.962533
1394.767955
1375.411917
1373.766912
1373.468254
1372.761436
1371.421575
1368.509384
1355.078455
1351.957176
1347.738037
1342.766665
1337.811228
1333.109299
1327.439782
1327.112646
1320.095579
1318.628548
1317.840847
1314.70742
1310.937067
1309.243979
1305.378496
1305.166293
1302.812385
1298.382763
1298.050672
1293.530918
1292.766922
1287.156447
1285.688891
1282.899794
1276.909736
1274.61038
1274.059234
1273.138092
1269.471424
1267.467705
1266.983966
1265.771366
1265.102463
1264.361582
1264.213957
1262.549692
1259.511235
1257.420445
1254.783397
1254.666748
1252.115871
1248.258383
1247.249714
1246.725525
1246.204192
1239.961364
1234.038596
1231.222979
1231.066449
1224.472404
1224.106391
1221.599287
1221.192306
1220.832121
1219.588449
1217.75965
1217.191096
1215.336267
1215.291946
1212.99911
1211.308437
1208.117532
1202.149986
1199.966693
1194.564475
1194.345695
1192.668516
1190.269835
1187.573402
1187.388115
1187.253422
1186.35093
1181.030544
1179.134192
1173.828903
1172.662241
1171.978566
1168.192099
1167.177413
1166.459462
1160.903552
1160.39022
1160.35793
1159.667683
1158.826141
1157.942054
1156.685781
1156.654015
1156.151494
1153.977698
1153.58113
1150.89081
1148.502043
1147.290381
1146.478614
1144.53337
1144.477325
1144.267359
1140.852719
1131.991511
1130.341182
1130.309181
1129.37681
1128.062451
1127.171577
1125.734027
1124.545353
1123.8232
1122.895968
1121.800274
1119.865464
1118.285017
1116.554419
1116.314213
1114.197691
1112.395342
1110.300992
1109.777826
1106.114282
1104.32001
1104.290083
1101.698029
1101.222281
1097.061096
1096.707431
1096.079024
1093.5974
1090.712663
1089.281046
1087.177418
1087.131298
1085.257827
1080.932941
1076.627115
1076.53658
1076.091124
1074.537466
1073.567826
1073.200557
1067.388269
1064.97757
1064.739289
1063.445933
1062.78292
1061.581545
1059.518248
1054.757852
1054.656622
1053.74833
1052.995265
1051.010167
1050.809816
1050.279668
1045.616706
1043.166785
1042.337144
1041.261978
1040.904232
1039.501891
1039.120532
1035.716108
1035.067527
1033.764832
1033.716225
1033.688881
1030.920066
1030.512228
1029.347036
1027.213613
1024.63832
1024.266755
1023.437567
1021.967901
1020.415604
1020.402239
1019.022229
1018.344355
1017.823683
1017.122331
1015.164637
1014.557428
1013.950052
1006.568456
1006.069486
1004.602972
1004.260643
1001.483858
1001.236158
1000.457882
997.8269374
997.3278714
997.1453491
996.5311588
994.695266
993.0872986
987.3257145
984.6223174
984.5714415
983.8877393
982.0723761
981.9458809
980.9564714
980.7100069
978.731572
975.8458522
974.2121134
974.0783127
973.6726561
973.284767
971.8071894
970.6866261
970.6485642
970.6084119
968.4439173
967.8927511
967.6573638
966.8607208
965.6191078
965.2004317
964.1377405
963.5925971
963.5727311
961.1702602
960.7300943
959.7300288
958.7025648
957.7552587
954.3942071
954.0879259
953.5438041
952.7761762
951.2743336
949.8380892
948.4946012
947.2054007
947.0010021
946.2270724
946.1195127
945.7154848
944.5906414
944.5043827
941.4277341
941.0186069
937.7818935
935.4985563
934.7210241
933.6211288
933.0291534
932.6688199
930.5332236
928.7872553
927.5397507
926.099849
923.855708
923.3418984
920.1886303
919.1668736
918.1316238
916.4724871
915.1089799
914.9191846
914.7718959
914.4820084
912.5539784
912.3020039
912.2904111
909.9505647
908.9837187
907.9751698
906.8697725
905.9619934
904.662307
904.3449526
904.2426721
902.9870573
901.6104719
900.0579471
898.8552595
897.1268733
896.1767113
895.3520423
895.0759877
894.5582408
893.7842513
893.3796684
892.9853674
892.6964636
891.5165736
889.5108975
887.7089889
887.5441586
886.8712949
886.5625104
886.4837896
885.498713
885.2062872
883.8053067
882.9173371
882.6504548
882.0419816
881.8249605
880.4019946
880.3973309
879.4319224
878.9388436
876.795598
875.137082
874.7853675
874.013839
872.2012022
870.6664618
869.8371188
869.6841992
869.3094974
869.2857553
866.9732313
866.1436208
866.0761634
866.0271318
865.9057451
864.9780686
864.5963637
863.674121
862.527317
861.9640895
860.2150453
858.380014
857.8987299
857.0990913
856.3855764
856.2511752
853.5761185
853.5411336
852.8071521
851.5222005
851.474443
850.2793848
849.987839
849.490666
849.0461949
848.4828222
848.2330332
847.8122114
847.0918872
846.2396825
845.0678817
844.526746
843.7559265
842.436388
842.109984
841.2823347
839.6582324
839.4453847
837.0589126
836.6920424
836.2051893
835.9140047
835.3955222
834.4482496
834.2322339
831.4693146
831.2406521
831.2179063
830.5740177
830.2436381
830.0939824
829.5507258
828.8491912
828.7168464
826.8634
826.4216388
826.1475593
825.4273484
825.3400475
824.603464
824.3960357
819.4068
817.5153053
813.4120905
812.9483748
812.9094682
812.8358062
812.8118653
812.0799186
809.2175333
808.1565978
807.998944
805.8096594
805.1459184
804.7893339
804.2711907
803.0794141
802.8129856
801.4960586
801.2556572
800.4623714
800.3553922
799.9573948
798.5653589
798.1012858
795.037041
792.5256033
792.0871249
792.0298376
790.0813066
789.7354728
789.1843558
787.9641878
787.1901673
785.7786523
785.2399879
784.8697399
784.0131514
783.2234412
782.9640481
782.5670894
782.3468519
782.3007177
782.2965641
781.4604296
779.239165
779.0960477
778.9963742
776.5538239
775.721782
774.3860821
773.7134912
773.620076
773.2339536
772.7031587
772.1196802
772.012008
771.835941
771.6417456
770.4707665
769.3697612
768.8856712
767.8482457
766.7099454
765.3054881
764.7889149
764.7401914
764.5893965
763.6109404
763.3798189
762.8234843
762.5042546
761.0368666
759.3861459
759.3016941
759.0530217
758.7464772
758.6671556
758.3250495
758.2564855
758.1376158
756.3792712
756.1184244
755.5570953
755.3074109
754.6070871
754.0684884
752.9585048
752.6305388
752.3311481
752.062436
752.0183107
748.9493076
748.444906
748.3536222
747.9162865
747.771753
747.3520026
747.3470005
746.8498108
746.5854718
745.8833982
745.5359889
744.9706036
744.0542894
741.6094866
741.4502844
741.3976468
740.633845
740.4173634
739.4713943
738.1826331
738.0094849
737.6994726
737.3712889
737.2483631
736.4052443
736.3015107
736.0597684
735.8457915
735.7877658
735.5889995
735.3711349
735.0742768
733.6789417
733.4022487
733.032823
732.4070235
732.2684896
731.7173452
731.5344018
731.375417
731.3181655
730.5136995
730.4296844
730.3442027
729.9430525
729.4555851
728.5951221
727.8441976
727.583164
726.608455
726.0696643
725.7372757
725.430058
725.3551324
725.2831168
724.711631
724.383379
724.3238254
723.2748343
722.9603067
722.843474
722.6323344
722.5738428
721.3212576
720.5719576
720.5496802
719.8977811
719.5374537
718.5804161
718.3745877
718.0829915
717.5140849
714.2621812
713.137112
712.44172
712.3648592
710.4387015
709.1767364
708.9265073
707.4255155
706.8976604
706.8193576
705.9534528
705.4467779
705.1126525
704.741743
704.0562974
702.5794242
702.2773795
702.2369802
702.1934761
701.7659199
701.5270421
700.5844986
700.2900732
699.9066009
699.8480159
698.7496918
698.7143886
698.6668171
697.8550506
697.3445627
696.8039193
696.1050923
695.9495027
695.5394658
694.8703518
694.7924368
694.4762903
694.3902108
694.2464126
693.914215
693.3487091
692.8496448
691.4623123
691.4059954
691.1657485
691.0535535
691.0015802
690.4687426
690.1335488
690.1251647
689.5155615
689.3788755
689.2543296
688.8409134
688.6570755
688.5613852
688.2383836
688.0004797
687.9651802
687.9088096
686.3675049
686.0254061
685.5330475
685.1002164
684.3682816
684.3421362
683.7165207
683.3586345
683.1673371
682.9859205
682.2278733
681.902631
681.5058593
681.0121144
680.7100553
678.9720392
678.953398
678.1346097
677.9058274
677.1649655
677.12026
676.1239662
675.0682845
674.9245172
674.5803563
673.4599751
673.2316334
672.6821024
672.2241433
670.9135518
670.7698718
670.6633677
670.4280667
670.3618637
668.9720171
668.7501466
668.258505
667.9479093
667.6763465
667.5545332
667.4235297
667.0681648
666.3646024
665.6002572
665.2259036
664.6080391
663.1288571
662.8415473
661.1772879
661.1128813
660.9248225
658.1129124
658.0109282
657.04277
657.0181688
656.9085612
655.3132505
654.4076709
652.6131032
652.5048722
652.3452527
651.7571598
651.7469762
651.4918961
649.9508228
649.8247791
649.688701
649.5564452
649.4589058
649.4115909
649.062678
648.7393266
648.5936951
648.0523713
648.0423364
647.2348737
647.2176624
647.055467
646.9898718
646.9771004
646.858328
646.6087451
646.1718029
646.044916
645.5381302
645.1856361
644.6857696
644.1267202
644.0224231
643.8406607
643.7560273
642.9585118
642.8567434
642.4479613
642.413416
641.5664209
641.1018479
641.0583623
640.6485961
640.5943363
640.3511223
639.8263183
639.6207366
639.3600274
639.2032109
639.0074026
638.9602451
638.8576043
638.591497
638.3021284
637.8908939
636.7832249
636.5180605
636.3461986
636.328062
635.977975
635.1824841
634.7884533
634.7749399
633.6391505
631.2630477
631.1072953
630.3771568
630.2352319
630.1485084
627.9461693
627.8382043
627.5367189
627.5037281
627.3000361
626.5380687
625.3804038
625.2436307
625.188021
624.670133
624.3765847
624.2492872
623.8144843
623.5167662
623.4623042
623.1676423
623.0607219
623.021984
622.6228663
621.5547993
620.9697139
620.9135403
620.8425281
619.6914038
619.1558642
618.9622734
618.3858133
617.8500603
617.833412
616.6797863
616.1544158
615.9025096
615.8472413
615.7431805
615.6703037
615.6628345
615.5433229
615.0278124
613.8703288
612.9184526
612.546261
611.7485003
611.6074235
611.3385882
610.3744275
609.7247188
608.5873261
608.4145458
607.3813068
606.6799013
605.1955983
605.0692589
604.7110437
603.9793208
603.9287917
603.3390203
603.3121558
603.0028513
602.4436145
602.2921616
602.0568537
601.359078
600.8689857
600.8042728
600.4940325
599.9627228
599.7701225
599.2000584
597.4213314
597.4066318
596.8348911
595.8467919
595.8443258
595.7318421
595.39101
594.4423975
594.416416
593.455407
593.3658992
592.8999313
592.5398122
592.3745005
592.3493718
591.0458638
590.9809497
590.4707903
590.1191285
590.0141835
589.1482455
588.7673897
588.3538368
588.3025585
587.7213279
587.5881788
586.8834597
586.7533909
586.6374973
586.419802
585.951793
584.5618573
584.4423231
584.4335561
584.3644251
584.2507728
583.4310736
583.3589567
583.3453805
582.9847309
582.9626634
582.8853206
582.8005366
582.7247374
582.1289588
581.0041931
580.7567391
580.3313383
580.0706489
579.8766783
579.7586015
579.6577834
579.5452309
578.931899
578.5906401
578.4586224
577.9262858
577.6798242
577.532517
575.8262855
575.4291596
574.6679282
574.589697
574.0607197
573.8215204
573.5508361
572.4417811
572.1795619
571.6744059
570.8511894
570.7118796
570.3142379
569.8544042
569.848055
568.5433151
568.5047212
568.3976842
567.3000865
567.2364624
566.3124356
566.3023761
565.9955273
565.8529463
565.6240265
565.4152943
565.3046188
565.0246467
564.922953
564.3163898
564.2449893
564.0673885
564.0321207
563.9159651
563.4291537
563.2221725
563.1948585
563.1576056
562.6019317
562.4630058
561.9158597
561.6368917
561.3963765
561.017123
560.8847148
560.5413725
560.3633079
559.7261001
559.5444034
559.1388422
559.0987966
558.5285104
558.4584337
558.1468376
557.9036175
557.7662967
557.701608
557.4112303
557.2909319
557.2119153
556.8395304
556.2130049
555.966218
555.3437552
555.249556
554.7308926
554.2990708
554.0689382
553.6679417
553.5508462
553.4969922
553.4821783
553.1465958
553.0628467
552.8989025
552.1494009
552.0132957
551.5578294
551.273784
551.0144165
550.8747578
550.6900694
550.4338016
550.3232441
550.067733
549.7627608
549.5284288
549.4269809
548.9405444
548.6200423
548.4058227
548.3633187
548.1966757
547.8921958
547.8524091
547.7637719
547.6279319
547.3441844
547.2043855
546.9604356
546.9494031
546.8427212
546.601497
545.9956959
545.9780584
544.2387509
543.347861
542.3860308
541.6458623
541.0771794
540.3672417
540.3591757
540.1160636
540.1148105
540.1031909
539.9945163
539.8229307
539.7849985
539.5597677
539.329719
538.626868
538.2996878
538.2783184
537.6704864
537.170241
537.0952954
537.0811891
535.9776289
535.3639906
535.3058318
534.7945481
534.6470851
534.3246417
534.2374597
534.1816309
533.9652817
533.4998784
533.4764336
533.4716555
532.5646655
532.4467162
532.2915829
532.1859466
532.170943
532.1060851
531.2160072
531.2089404
531.1132127
531.0501393
530.6200066
529.3527006
528.9888514
528.8354314
528.3953945
527.8023708
527.7438855
527.5816324
527.3003515
527.1067889
527.0593436
526.6913338
525.0268118
524.9652387
524.8501785
524.7849095
524.2137138
524.1053681
523.8627065
523.7746259
522.9200049
522.8289041
522.509536
522.3162491
522.30662
521.8424858
521.583669
521.533034
521.5143682
521.464311
519.6932579
519.3444141
519.0870595
518.885756
518.7183605
518.3433675
518.1654488
517.8060729
517.7296745
517.18893
516.7669256
516.0031503
515.7970902
515.6270346
513.365062
513.2809342
512.8674887
512.7580476
512.2018638
511.9396756
511.6743394
511.5407775
510.8041806
510.6865052
510.5968992
509.8127458
509.5447662
509.5283741
509.2422496
508.9254222
508.7410769
508.6907506
508.6256786
508.2908641
508.0342528
507.5203339
507.4444153
507.301777
507.0015862
506.8354742
506.5110575
506.3352708
505.9612741
505.8701874
505.7000503
505.4774819
504.9811022
504.7938498
504.719299
504.4396277
504.4112911
503.2330672
502.7343321
501.5791873
501.3996923
501.0386912
500.4756611
500.3966521
500.3887273
500.0657249
500.0539471
499.9069136
499.7254309
498.8361232
498.4912908
497.2484183
497.0873878
497.0015863
496.8550445
496.5987754
496.4680541
495.7457378
495.3491493
494.7968565
494.613048
494.4008446
494.2557373
492.8267634
492.3838237
491.6754803
491.2778642
491.1090133
491.0917602
489.8701604
489.8516143
489.8225109
489.6884535
489.5891107
489.2992707
489.1168651
488.2250159
488.1730194
488.0890967
487.9957592
487.1193477
486.7687216
485.9115181
485.5988547
485.1157023
485.0827979
484.4729349
484.4243172
483.9287171
483.410904
482.3724511
481.7367945
481.1123806
480.9219409
480.8672829
480.7809842
480.4319084
480.2109189
479.9143689
479.5708516
479.5263381
479.4690735
478.6901607
478.6668463
478.4936904
478.3452805
477.3533709
476.5466174
476.3618397
475.9127724
475.5485001
475.4303836
475.3581225
474.6067037
474.3159024
473.8360735
473.5962507
473.423913
473.3379675
473.0381075
472.9680552
472.9298328
472.909174
472.5775061
472.5079319
472.0889954
472.0315281
471.4925537
471.4790381
471.4456695
471.0465942
471.0085865
470.7391251
470.274913
470.1240315
469.9207936
469.8509197
469.792431
469.4298246
469.3061449
469.2741635
468.6158805
468.5961506
468.5398091
468.5163922
468.5140417
468.3904137
468.3877865
468.213302
467.8944737
467.2740695
467.042873
466.6768172
466.515583
466.2643734
465.9491312
465.1362638
464.5369135
464.104381
464.041236
463.8717913
463.2392051
463.1575256
462.8419951
462.8094435
462.0014906
461.6711009
461.332315
461.2314248
461.221707
460.889302
460.7312641
460.1174078
460.1114115
459.8977121
459.8273243
459.7183111
459.4644436
459.2130166
458.8202184
458.722869
458.4656079
458.4102235
458.3826373
458.1488716
458.099116
458.0334284
457.7917699
457.7522518
457.6757996
457.3614638
457.3167892
457.0186718
456.9719591
456.8244342
456.6076983
455.9821464
455.9703792
455.9572064
455.6473679
455.4663294
455.3377586
455.1129516
454.8382891
454.6794809
454.5125777
453.9971889
453.7754647
453.6560155
453.322987
453.1400057
452.2969365
452.1048071
451.6613177
451.5818221
450.7707062
450.6842752
450.5380923
450.2662139
449.840838
449.5340992
449.4243072
449.4057166
449.4007791
449.2252798
448.7590727
448.1257345
448.0183463
447.8806086
447.51041
446.9445975
446.6283658
446.1299035
445.8297325
445.7326274
445.6434207
445.5276047
444.5184546
444.366107
444.1053173
443.609935
443.4916626
443.4677693
442.7217472
442.049815
441.2598482
441.2005938
441.0372669
440.915558
440.8959672
440.8348584
440.7751275
440.6968171
440.2693795
439.4293459
439.2109222
438.9407645
438.8414632
438.7771662
438.2536996
438.1965471
438.0445299
437.9776135
437.7685041
437.6941229
437.1519731
436.0296885
435.6424604
435.1433358
435.0906433
434.5914706
433.9586295
433.7837977
432.8799905
432.2785304
432.2778938
432.1967292
432.1276505
432.0223244
431.9542778
431.933887
431.7926982
431.5233484
431.4263444
431.1674497
431.1315192
431.0829447
430.9284061
430.7157883
430.2127045
430.103907
429.6008537
429.0411077
428.8225423
428.2830826
428.0847046
428.0224612
427.8204177
427.5483057
427.3798461
427.2060142
427.1499018
427.0840331
426.9766959
426.8683218
426.5517346
426.4469616
426.4146595
426.2868367
425.8997333
425.5415406
425.484722
425.0555162
425.0213705
424.8829304
424.803276
424.5234346
424.2756659
424.245464
424.0545159
423.4072406
423.0598597
423.0094469
422.9445757
422.7980077
422.6946763
422.6630364
422.3421404
422.1886581
421.9281917
421.9058339
421.8765228
421.4422179
421.3438417
420.6136525
420.5061439
420.3252414
419.5202161
419.2154344
419.2148922
419.1047721
418.9092455
418.672806
418.6483774
418.2006932
417.8036843
417.3751331
417.03658
416.8871506
416.8826314
416.7234162
416.5632625
416.5134426
415.8921315
415.8108554
415.5376255
415.381017
415.156308
415.1204846
415.0442847
414.9403297
414.787272
414.7727236
414.6214041
414.3013918
414.2912831
414.0719817
414.0569371
413.7018344
413.5631451
413.5007118
413.2507531
413.1926165
412.6128324
412.3717516
412.1784539
411.8275408
411.3574536
411.0379463
410.9332823
410.9254596
410.8267252
410.6515432
410.4291047
410.3821713
410.3707059
409.9736954
409.9497844
409.7458451
409.6378935
409.6214589
409.2202245
409.1157089
408.7518424
408.3792123
408.3638316
408.3457008
408.2872469
407.8731695
407.6153025
407.4156894
406.6903429
406.4524258
406.3542214
405.859581
405.7954668
404.6298639
404.6236805
404.319745
403.7924085
403.7893273
403.7766679
402.8989913
402.5796818
402.4551888
402.3672774
402.3422942
401.9049259
401.5255185
401.4156923
400.9044698
400.7141266
400.710898
400.6728444
400.4248648
400.1709554
399.9125942
399.778762
399.5827127
399.3862134
399.1917254
399.1299424
399.109927
398.3491507
398.2232414
397.9173151
397.329854
397.2579902
396.4020269
396.0809236
395.368325
395.3271988
395.2272456
394.1288729
394.106844
393.6772886
393.6266194
393.3777687
393.3596015
393.2755525
393.2675711
393.0513193
392.8641918
392.5315208
392.3783739
392.178338
391.9944899
391.7519066
391.7146761
391.1631949
390.8021361
390.1197376
389.8488229
389.8346962
389.5566135
389.1979818
389.090425
389.0013842
388.93993
388.5166919
388.4028799
387.9801579
387.9566847
387.9099727
387.3171058
387.3011292
387.2097341
387.0605303
387.0240986
386.4050468
386.3724317
386.3549911
385.5629942
385.4362982
384.9763537
384.6472862
384.5539875
384.5244481
384.2089599
384.2064212
383.8894173
383.8833332
383.2177869
383.0400806
382.9792291
382.8188089
382.46194
382.1127038
382.0136683
381.862358
381.5195803
381.3620148
381.3580774
380.8039493
380.6962578
380.5808031
380.4699081
380.1554058
380.125165
379.9202443
379.7498635
379.3440381
378.8521017
378.7053943
378.4565846
378.3006871
377.9493445
377.7957203
377.6377054
377.4915496
377.4059428
377.3823071
377.2902753
376.8723972
376.8209199
376.5441742
376.1465485
375.9550461
375.9245088
375.7144958
375.5338861
375.3165838
374.9447463
374.8482185
374.8326084
374.5484316
374.5010819
374.3594867
374.1709925
373.5564033
373.544654
373.3682772
373.2592685
372.9984272
372.8156167
372.756147
372.496458
372.3867927
372.3775812
372.1765747
371.6665019
371.6322144
371.2744271
371.2216898
371.1434791
370.9381954
370.8840022
370.7608339
370.6135601
370.5847741
370.3900852
369.9477852
369.8120341
369.4493836
369.3596155
368.7852939
368.7818364
368.7029461
368.5081153
368.4046299
368.0569991
367.8598244
367.6842871
367.6644532
367.413692
367.36501
367.3427128
367.2974212
367.1988295
367.1742333
367.026944
366.6975616
366.6703818
365.831001
365.6781288
365.6614601
365.4111997
365.3442529
365.1417033
365.1180705
365.0680823
365.0286754
365.0096907
364.6750686
364.5431961
364.4657419
364.0754545
364.0274716
363.9538557
363.8203014
363.6958789
363.3690557
363.3085315
363.058194
362.7133283
362.6259517
362.5666566
362.2636275
361.8688202
361.7488754
361.6939429
361.0057892
360.9997635
360.9678864
360.7338084
360.702169
360.6804851
360.543463
360.0088571
359.8367441
359.5754983
359.4130603
359.3388904
359.1201006
358.8364031
357.6130139
357.2983921
357.1741513
356.8485282
356.3418316
356.1812896
355.9261474
355.753632
355.6851649
355.2729569
355.0594938
355.0461278
354.9920499
354.94352
354.5144299
354.4315927
354.2927197
354.0280095
353.8494286
353.6188036
353.4043833
353.3111472
353.3104913
353.22083
352.8929613
352.7328046
352.3795044
352.2783005
352.2201445
352.1832313
351.5583838
351.0479525
350.7988862
350.4029324
350.1160527
350.0741645
349.9104726
349.8429247
349.8343918
349.8018005
349.5225182
349.50596
349.2782061
349.2614971
348.8030075
348.7244464
348.6424992
348.5813162
348.4072804
348.1471587
347.939827
347.613649
347.5880109
347.5845255
347.513478
347.4347966
347.2621774
347.2408005
347.21426
347.1656046
347.1349781
347.0745155
346.9035084
346.5319232
346.4725423
346.3716605
346.0046208
345.9946205
345.8512831
345.8216188
345.7909947
345.6681669
345.355899
345.2406123
345.1619807
344.910855
344.584574
344.4720151
344.4025687
344.3977632
344.3438591
344.1935003
344.1237759
344.0406742
343.9607013
343.7930359
343.5826166
343.5655797
343.2141426
343.1666311
342.9429332
342.7585491
342.2283651
341.8265742
341.431765
340.9509285
340.8929524
340.7652734
340.5496491
340.3938567
340.2784583
340.2224547
340.1373435
339.9590818
339.8298863
339.387511
339.3453392
339.2904957
339.0788303
338.8939832
338.4923278
338.4397898
338.304608
338.0885307
337.6267557
337.559567
337.0722468
337.0101643
336.6275887
336.6259673
336.5988734
336.412704
336.237898
335.6880231
335.3412218
335.2786912
335.1796162
333.2200247
333.1080228
333.0203793
332.8364886
332.8241804
332.4199353
332.1076356
331.7624668
331.6277819
331.060071
330.9770885
330.931758
330.6009689
330.4757614
330.390927
330.3770049
330.1921926
330.0505381
329.7310051
329.5966883
328.9736944
328.9440908
328.936761
328.9096164
328.8307731
328.6476107
327.9714899
327.9206401
327.4111175
327.3650841
326.9107283
326.8360646
326.7531733
326.7456678
326.5080438
326.4552392
326.2605925
326.2302814
325.9642593
325.8294659
325.7626916
325.6122567
325.609754
325.3071687
325.0320121
325.0080348
325.0034106
324.9628475
324.9190412
324.8329072
324.6894502
323.9929723
323.9857426
323.8360627
323.7764099
323.7013642
323.598913
323.5893534
323.1776546
323.030175
323.0126954
322.9971178
322.9522669
322.8197672
322.735549
322.7323492
322.7029985
322.6831821
322.6181012
322.4471519
322.3552623
322.3255198
322.1330326
322.1000801
322.0827886
321.998793
321.9880329
321.7805941
321.7404975
321.3529166
321.1766139
321.0579898
320.8392185
320.5364418
320.5085814
320.4048526
320.3547221
320.3458829
319.8744267
319.6762762
319.6115148
319.5688638
319.5458901
319.4560759
319.3258143
319.3209913
319.2798724
319.2548699
318.9824625
318.8559571
318.7955739
318.6624318
318.4921472
318.3622947
317.8901057
317.606432
317.5052808
317.5029979
317.4916286
317.364546
317.180447
317.049091
317.0316367
316.947828
316.7316279
316.197709
316.1669897
315.9436852
315.8883262
315.8703995
315.7932377
315.6923305
315.5788486
315.5603298
315.479165
315.3393986
315.2544654
315.150474
314.9162643
314.8478477
314.4314252
314.2422523
314.2187985
314.0919241
314.0144749
313.9370994
313.8812207
313.8307129
313.751688
313.7046077
313.5012657
313.4967638
313.454438
313.4487573
313.4390282
312.486669
312.2507386
312.2320331
312.1318302
312.1316219
312.0385945
311.9519776
311.8150589
311.724809
311.6029602
311.361308
311.3446029
311.2578408
311.2014568
311.0879619
310.8355893
310.5887389
310.5740889
310.33257
310.2560187
309.9376085
309.8750856
309.8069544
309.6463815
309.5010291
309.3588868
309.2723318
309.1993872
309.1098142
309.0744945
309.0107358
308.9570945
308.7330999
308.5562936
308.5550706
307.7797603
307.566898
307.348285
307.1324636
306.8890292
306.6971663
306.5958847
306.5431103
306.5138299
306.2455318
306.1643276
306.0553535
305.7153918
305.6777632
305.6446265
305.4721972
305.3077587
305.2315584
304.9358022
304.8186444
304.5325177
304.3793689
304.3743459
304.0125649
303.9338996
303.8982956
303.8889742
303.6056077
303.4867799
303.4265719
303.25048
303.1417101
303.0586185
303.0057094
302.9068653
302.8900785
302.843661
302.826923
302.8168548
302.5322768
302.5320545
302.4331859
302.3265968
302.2293975
302.2266157
302.1998315
302.046464
301.7771789
301.7409405
301.7119944
301.6583098
301.6254957
301.52432
301.2870821
301.2730937
301.2167069
301.0966734
301.0760894
300.9938508
300.9813613
300.9379009
300.8230857
300.5851388
300.5664163
300.4262278
300.378625
300.355548
300.320385
300.0806143
299.7229668
299.6880781
299.6416433
299.1453626
298.9036514
298.8035138
298.7934644
298.3673626
298.2978836
298.1663884
297.8874882
297.8447007
297.8298967
297.8011916
297.7229405
297.6858972
297.6153422
297.5169402
297.4926166
297.3558567
297.1155858
297.0212035
296.9017502
296.8548024
296.845755
296.6321998
296.3395897
296.3267577
296.144735
296.0233024
295.9003543
295.8315897
295.8079027
295.6869305
295.6192958
295.543386
295.4548762
295.4511961
295.3665914
295.0390615
294.9135905
294.7646957
294.640598
294.5820788
294.5163044
294.481032
294.4657957
294.3806408
294.2520136
294.0155648
293.9986568
293.9210263
293.7648063
293.7016231
293.4739996
293.23292
293.0251129
293.0097398
292.9930232
292.8844916
292.8410038
292.5900785
292.5882838
292.3118366
292.24511
292.2272816
291.9360965
291.6597602
291.5273576
291.421729
291.3150229
291.313901
291.0423195
290.8145937
290.7300606
290.4952794
290.3439183
290.2615941
290.0529435
290.0487743
289.694266
289.6019919
289.5463161
289.5393808
289.4083458
289.2385369
289.2334935
288.9473281
288.4835558
288.4365274
288.3874171
288.370424
288.1034061
288.0797536
287.9761824
287.9234838
287.8207456
287.5712133
287.5487536
287.43257
287.1710108
287.0673513
286.9693081
286.7301742
286.6584195
286.5825753
286.5238956
286.4427943
286.4101999
286.3618159
286.0477173
285.9911435
285.5618972
285.459277
285.4297448
285.4161938
285.3587839
285.2696332
285.2044836
285.1927681
285.1468069
285.0812154
285.0286205
285.0117397
284.9458206
284.8918528
284.8769643
284.5801094
284.2216727
283.9561822
283.8813832
283.8603076
283.7901622
283.4837098
283.4541068
283.2036913
282.9453145
282.7862073
282.6343855
282.5011697
282.4782024
282.4091473
282.3814819
282.1727729
282.1381787
282.0816933
282.0527865
282.0104814
282.0080068
281.8493723
281.8007135
281.7570585
281.623758
281.3926004
281.2764717
281.2198685
281.0785641
280.9717309
280.9579325
280.8320282
280.6879495
280.6798846
280.6576165
280.6343314
280.531691
280.4924035
280.4255362
280.378228
280.3635578
280.3462682
280.1723304
280.1060623
280.0020884
279.8491697
279.8352877
279.7218677
279.594952
279.1911482
279.1656302
279.1600143
278.5055161
278.4916117
278.4055335
278.4034999
278.2280125
278.1845733
278.1678095
278.0912443
277.7909501
277.785506
277.6555304
277.2474391
277.1325586
277.0817748
276.9778751
276.9319856
276.9074569
276.808176
276.7709943
276.7665294
276.6809641
276.6685464
276.6470659
276.5146856
276.5016977
276.4482456
276.4063729
276.392885
276.3302456
276.2713949
276.1805005
276.1392443
275.8722835
275.8691322
275.6869511
275.5147017
275.4268899
275.3548054
275.2874295
275.2764733
275.0529417
274.816711
274.7686542
274.7646978
274.4142264
274.389126
274.1354218
274.1269093
273.8916768
273.8813102
273.6018577
273.5959413
273.4977139
273.402633
273.1802487
273.1628443
272.8813111
272.8382524
272.8262557
272.6754863
272.5987817
272.5098673
272.5028739
272.4586393
272.43674
272.2182639
272.1961969
272.1887715
272.1790078
272.1369094
272.0925653
272.0747649
271.9950838
271.7838795
271.7731499
271.6493789
271.6264508
271.5144705
271.3969165
271.3624602
271.2983468
271.1602811
270.9890908
270.6608337
270.6340088
270.5569293
270.1658321
270.1568292
270.0636783
270.0436885
270.0206896
270.0159463
269.9460956
269.8258642
269.6944523
269.6196923
269.5347692
269.3553774
269.3355453
269.1528331
269.0941035
268.9612058
268.9208678
268.8471049
268.7426235
268.6385724
268.4743375
268.4692601
268.4661213
268.3356665
268.3048671
268.2843632
268.2670256
268.2194268
268.219402
268.0627968
268.0314766
267.9925787
267.7267128
267.5355791
267.4120459
267.228985
267.1656329
267.1354835
266.8768023
266.7951177
266.6801937
266.6725129
266.5252723
266.519385
266.510662
266.4444053
266.4384994
266.3624093
266.3508413
266.1974205
266.0856571
265.8863527
265.8793122
265.7735734
265.6338554
265.6278588
265.5935625
265.5508982
265.3613327
265.2102353
265.0512011
265.0378032
265.0378001
264.9501267
264.8104724
264.5633348
264.4173711
264.4139755
264.346587
264.1849298
264.161725
264.1362345
264.1159098
264.0305991
263.998708
263.9964456
263.8862788
263.8823788
263.8711539
263.7101407
263.6807505
263.6735999
263.5748271
263.5499149
263.484288
263.4804429
263.4246689
263.1908538
263.0720978
263.0204329
262.9923643
262.6100404
262.4557343
262.3624043
262.2300737
262.0442758
262.0075308
261.8567517
261.8343602
261.7369753
261.7259893
261.5509975
261.5389372
261.5261853
261.1828128
261.0813046
261.0540287
260.961524
260.9197295
260.8445268
260.8095271
260.7793948
260.6789565
260.4688862
260.4150305
260.3940645
260.3490108
260.3165268
260.2827786
260.2323753
260.1512781
260.1104657
260.1030464
260.0454416
259.9691581
259.7617267
259.7140211
259.7064632
259.6401362
259.6377373
259.6331381
259.5834993
259.5181465
259.5101991
259.31565
259.1847778
259.1796094
259.0929399
258.7242217
258.6233191
258.5332296
258.3787338
258.2890471
258.221508
258.1161837
258.0869002
258.0817177
258.0498669
258.0225471
257.943906
257.9226428
257.9147468
257.8536816
257.577569
257.5752365
257.4677338
257.4459568
257.325236
257.244449
257.2441141
257.0043313
256.0610189
256.0118492
255.9866995
255.8451911
255.6003256
255.4566602
255.2470591
255.1713493
255.1297412
255.0361945
255.0324861
254.7966436
254.7329083
254.663425
254.5654768
253.9715368
253.9437141
253.8525275
253.4329215
253.1367075
252.9441942
252.6617155
252.4690648
252.3791337
252.3647743
252.360382
252.1536519
252.0065523
251.9930178
251.8814491
251.8802114
251.8761165
251.8737163
251.8560697
251.7948246
251.7930264
251.7394147
251.5077256
251.3674886
251.3315849
251.2321422
251.059083
251.0356472
251.0260926
250.8033817
250.7273861
250.7218471
250.6339807
250.6327625
250.5614993
250.5100698
250.3699157
250.286858
250.2321274
250.0646811
249.9513972
249.9096625
249.8865602
249.6538932
249.6326541
249.5736003
249.5440929
249.5386223
249.3853741
249.2459618
249.0384194
248.9887332
248.9356498
248.9079143
248.8905075
248.7241659
248.7137844
248.7042577
248.6804549
248.6449242
248.5458464
248.5124979
248.4671418
248.4570122
248.337429
248.226062
248.2183089
248.2131791
248.1506979
248.0022921
247.8770901
247.8754863
247.6052792
247.5900979
247.4952646
247.2755269
247.2753868
247.08216
247.0762661
246.900582
246.8236728
246.7860741
246.6832931
246.641615
246.620628
246.5175413
246.4990069
246.3579511
246.3412651
246.2283736
245.9523977
245.8450257
245.7810748
245.6530731
245.6183543
245.5352128
245.5224511
245.4640939
245.3370212
245.3352956
245.321719
245.0082484
244.9437894
244.8813098
244.8459731
244.8443138
244.7797389
244.4698292
244.4462937
244.4358562
244.1981878
244.0123034
243.9422393
243.9322444
243.7408651
243.6536104
243.5302261
243.5234828
243.4549236
243.3261787
242.9458796
242.5362792
242.4288003
242.3643274
242.1731862
242.1162605
242.094397
241.9099472
241.8557466
241.6188397
241.5215167
241.2359407
241.1032602
241.0921985
240.9974085
240.9510383
240.8102267
240.7836322
240.7569604
240.5035675
240.384866
240.3517123
240.3189408
240.2751851
239.95651
239.9305377
239.8932208
239.8792171
239.8309537
239.8054866
239.6397126
239.5527391
238.9105843
238.8074036
238.7154683
238.6024314
238.5742251
238.384918
238.0896133
237.8014132
237.7692928
237.7462481
237.7274318
237.5597488
237.4686014
237.3497997
237.1683251
236.8921019
236.884766
236.6440727
236.5014465
236.4935551
236.4917104
236.4543745
236.4296999
236.4024671
236.2163777
236.139337
236.0202699
235.8762278
235.8250736
235.4142958
235.3829658
235.2053135
235.1816995
235.1760205
235.074271
235.0032225
234.9574113
234.8875861
234.8281101
234.8188568
234.7965069
234.758279
234.6032423
234.5937199
234.2973696
234.2830622
234.1606137
234.1028631
233.9806959
233.9193673
233.8714355
233.8019286
233.7182924
233.6403646
233.5320393
233.5029075
233.4398014
233.3349946
233.2933765
233.1887019
233.1762285
233.1737605
233.1373656
232.9094618
232.7303601
232.6805385
232.623795
232.5937355
232.5542661
232.4110988
232.3747207
231.9081312
231.8285519
231.8252035
231.7210609
231.7190206
231.6242061
231.577579
231.556399
231.5140151
231.4964782
231.2658006
231.1930072
231.1879614
230.8345131
230.7819155
230.7813997
230.7232813
230.7129307
230.6234243
230.6117495
230.6108966
230.5617993
230.4256739
230.3362022
230.2430265
230.0058333
229.9269156
229.7618366
229.6536261
229.5487444
229.4608281
229.3079396
229.2302759
229.1621637
229.1521843
229.0697579
228.9525428
228.9455464
228.9302924
228.89398
228.8566731
228.6900584
228.677482
228.6520245
228.5903399
228.5058103
228.4167024
228.3548586
228.2922414
228.2749551
228.2682808
228.2640652
228.2524572
228.2404093
228.2053801
228.1293415
227.7845943
227.7250031
227.6123382
227.5137741
227.497387
227.4847521
227.4793929
227.4779438
227.4698022
227.2970148
227.0418402
226.802804
226.7800195
226.7029624
226.5570666
226.547788
226.4873455
226.4261613
226.4218181
226.3804905
226.3262403
226.2197318
226.1441501
226.1250742
226.1117337
225.8395195
225.7759689
225.7345067
225.6675239
225.6497388
225.5141846
225.4695325
225.4328861
225.3416992
225.2916693
225.1448968
225.1361602
225.0634542
224.9966649
224.9553494
224.9072586
224.8990309
224.731278
224.7214274
224.5331969
224.4764529
224.1775195
224.0510074
224.0472559
223.9324742
223.8526512
223.8159999
223.7342707
223.7185423
223.6583012
223.6519313
223.6224378
223.5636402
223.4643583
223.2981707
223.2509826
223.181309
223.1587505
223.0596288
223.0096948
223.005376
222.7509531
222.6169327
222.6150168
222.5004416
222.2132668
222.1659902
222.15539
222.1034944
221.9457754
221.9146463
221.9119367
221.6336933
221.3850807
221.3624131
221.2236741
221.0684796
221.0216248
221.0156914
220.8948621
220.8116392
220.7025422
220.5777055
220.5686849
220.4693864
220.4328975
220.3841861
220.1731616
220.169697
220.004271
219.8705114
219.8246809
219.763195
219.7479143
219.7429301
219.7122739
219.6497957
219.5664912
219.5422469
219.4886579
219.4576399
219.4000804
219.2802147
219.2527284
219.2497003
219.1761388
219.0531961
219.0046267
218.9234619
218.7749716
218.6792394
218.6575328
218.6358252
218.5917297
218.5516605
218.4914939
218.4827234
218.4633388
218.4359376
218.1864556
218.184178
218.1788954
218.1210793
218.1193756
218.1022621
217.9887872
217.9725734
217.8726879
217.8094324
217.7417197
217.5422041
217.3444495
217.3141057
217.2789201
217.1501319
217.051992
217.0104736
216.9248253
216.7512364
216.7464786
216.7127284
216.6871844
216.6803874
216.5962715
216.5401432
216.4681429
216.4550386
216.4434488
216.3634652
216.3591242
216.3097408
216.2768569
216.1834022
216.1558971
216.0069374
216.0069034
215.9757234
215.9206055
215.7585515
215.6800932
215.6507389
215.648769
215.6135893
215.5401856
215.4851793
215.4021866
215.3069976
215.2988664
215.0407221
215.0137258
215.0094234
214.9133665
214.9045226
214.8331919
214.8210353
214.7170301
214.6820079
214.6481668
214.5614101
214.5109576
214.4016668
214.3745996
214.0690574
214.0350215
214.0042327
213.8992603
213.8240374
213.7667224
213.746811
213.6821031
213.6406865
213.5850292
213.2815974
213.2665454
213.105265
213.0791732
212.9080703
212.8746968
212.810148
212.7844273
212.702843
212.6515972
212.630588
212.6056169
212.3272564
212.2831486
212.2141157
212.1348226
212.0235869
212.0217315
211.8848233
211.8174816
211.8132285
211.8084341
211.698814
211.5833333
211.5200803
211.4666527
211.4411294
211.3903466
211.3619545
211.2907232
211.1173122
211.0901819
211.072195
210.8847514
210.7412704
210.6952132
210.6782985
210.6107051
210.5822799
210.5730531
210.5689543
210.5094936
210.3234388
210.3232368
210.2784052
210.2543066
210.2090491
210.1973373
210.1473941
209.9531771
209.89624
209.8637067
209.836085
209.8120189
209.7868003
209.7794067
209.5844147
209.5476194
209.3009304
209.1134626
209.0250294
208.845126
208.8392535
208.8067259
208.5009566
208.3314355
208.0707366
208.0187046
208.0186752
207.914447
207.8922276
207.8394369
207.8333297
207.7650795
207.6231487
207.5945644
207.4801459
207.298517
207.1776296
207.1148372
207.0326634
206.993751
206.9434582
206.9320418
206.8768643
206.78967
206.6921423
206.5679249
206.53439
206.268984
205.9341162
205.9038159
205.8023424
205.7730243
205.7042945
205.6054847
205.5334774
205.5209255
205.4509411
205.3115043
205.2555691
205.157371
205.0972698
205.0904742
205.0688708
205.0322298
204.9253904
204.8896367
204.7769072
204.7752646
204.7418624
204.5795436
204.4659083
204.424392
204.3507956
204.3218709
204.3148548
204.2667863
204.2655443
204.1383967
204.1105974
203.9615073
203.9462168
203.9039372
203.7694073
203.6799368
203.6408518
203.6164022
203.4661786
203.4440758
203.308724
203.2802571
203.260311
203.216722
203.1998093
203.1962313
203.165442
202.8984812
202.8981895
202.8908933
202.864771
202.842775
202.80287
202.7804134
202.7769945
202.7685315
202.7610533
202.7549311
202.7534244
202.6154472
202.3700625
202.1947268
202.1156194
202.0968957
202.056234
202.0443396
202.040307
201.9749633
201.8821242
201.7400178
201.679281
201.6663991
201.5541569
201.524929
201.4585104
201.4224859
201.3698673
201.3635711
201.3568234
201.2974892
201.2885464
201.2251666
201.051364
200.9995901
200.9922355
200.8584334
200.8164182
200.7296988
200.6789432
200.5663175
200.5026386
200.4750209
200.4680903
200.4491307
200.3545937
200.2959499
200.2617973
200.2418634
200.2269173
200.2200506
200.2131947
200.1664961
200.1566841
200.1381159
200.1231497
200.1142227
200.0700016
200.0688915
200.0500956
199.7450582
199.719827
199.702471
199.6870133
199.6376029
199.6339036
199.6020011
199.4841698
199.4312632
199.3672648
199.3012574
199.2737311
199.2580686
199.2426882
199.1760605
199.0521729
199.0013514
198.778319
198.7136349
198.6257688
198.5586637
198.2895713
198.1754402
198.1041081
198.0832099
197.8052874
197.7820809
197.7733992
197.7087788
197.5588466
197.5464795
197.4978749
197.4366327
197.4118629
197.3762768
197.3073168
197.2601731
197.1539064
197.1129781
197.1092073
196.95578
196.811734
196.7252755
196.7250536
196.6734351
196.6131472
196.5426718
196.5132174
196.4827759
196.4176308
196.4160205
196.3352431
196.3269839
196.3134485
196.1367137
196.0934421
196.0620306
196.0050573
195.9425472
195.7591756
195.7197097
195.5834386
195.5617942
195.4309329
195.3946875
195.3604101
195.3147336
195.1900824
195.1209109
195.1104328
194.9819834
194.8577679
194.8214582
194.7663883
194.6989181
194.6902196
194.6346865
194.5771886
194.5402835
194.2675619
194.2467372
194.1590546
194.1076674
193.8828748
193.7315279
193.7242018
193.7085396
193.5096046
193.5003004
193.4605685
193.3350297
193.3277806
193.3216672
193.3200219
193.2804462
193.2788373
193.156597
193.1442631
193.0090511
192.9237206
192.8501151
192.7608402
192.72989
192.6962073
192.6505646
192.6399058
192.5726601
192.5477706
192.5407076
192.5231294
192.5043374
192.484608
192.3756665
192.3745581
192.3529795
192.3349979
192.2732385
191.9081802
191.3916452
191.3190058
191.2724826
191.2652543
191.1723979
191.1487767
191.0445434
190.9793291
190.8215319
190.7822302
190.7428261
190.7224618
190.552555
190.4108778
190.2957364
190.2721968
190.1828434
190.1552829
190.1462977
190.1400307
190.0126261
189.9231469
189.9096541
189.9012664
189.6733985
189.6665235
189.5587808
189.5467306
189.5270852
189.1857164
189.1427513
189.0277188
189.0113394
188.9855964
188.9634768
188.9561289
188.9144092
188.8061992
188.7880588
188.7685769
188.6417235
188.3630283
188.3422193
188.2588243
188.1702614
188.1671526
188.1393919
188.1119164
188.1022469
188.0413112
188.0220631
187.875432
187.6231405
187.5562758
187.5517792
187.4629014
187.4454217
187.4374582
187.42477
187.3356374
187.2226713
187.21927
187.1927417
187.1325716
187.0670953
186.9877716
186.9716821
186.8942739
186.8324949
186.8283307
186.8122213
186.6795721
186.6186134
186.4552572
186.3820521
186.3246317
186.2962743
186.2634637
186.1308035
186.0283656
185.9770744
185.9463056
185.8677402
185.8600447
185.8084558
185.7550961
185.7312596
185.6748872
185.6627018
185.6241938
185.5987513
185.5974093
185.5280445
185.5108831
185.4390502
185.3407417
185.3287085
185.2228545
185.1414652
185.0979568
185.0079471
185.0022056
184.892805
184.7427333
184.5582271
184.5396454
184.5027396
184.4967337
184.4918476
184.4582166
184.3641681
184.3250933
184.3143248
184.2995813
184.1882066
184.1663441
184.1331418
184.1203924
184.1000969
183.9974455
183.9898609
183.9543284
183.9304956
183.8233629
183.8205292
183.7719003
183.7351031
183.7311403
183.7194938
183.6736211
183.6657563
183.6423905
183.6133169
183.5443801
183.4299933
183.3977498
183.3464275
183.337138
183.279733
183.261322
183.1731056
183.1608293
183.068028
183.0434335
183.0267997
182.9775064
182.8463609
182.7980165
182.7746938
182.6872601
182.6778074
182.5745283
182.5321868
182.5263229
182.5033205
182.4670131
182.4328615
182.3546343
182.3228749
182.3217416
182.3154236
182.2571187
182.2289419
182.0911724
182.012816
181.883547
181.8446251
181.8270859
181.5713021
181.5628507
181.5581068
181.5569633
181.5333544
181.4451754
181.346643
181.2793005
181.2696872
181.1790445
181.1600836
181.1528646
181.1006841
181.0863139
181.0746454
181.0579755
181.0319118
180.9926386
180.8517692
180.7890547
180.6708142
180.6707243
180.6558272
180.6103522
180.5722285
180.5344397
180.510842
180.4338652
180.4089209
180.3908831
180.3274743
180.2975647
180.1762566
180.0479632
179.9946896
179.9897814
179.9382973
179.9222797
179.894636
179.872133
179.6423193
179.451387
179.3729405
179.3605876
179.3426252
179.3204523
179.2318759
179.114483
179.0997014
179.0652442
179.0641714
178.8926389
178.7585735
178.3762563
178.2941217
178.2801252
178.2261125
178.1757594
178.1644018
178.1411781
178.1080921
177.9900083
177.9605184
177.905068
177.8999479
177.8047414
177.7792535
177.7577592
177.7559761
177.6581695
177.5613534
177.4627272
177.4143092
177.2797586
177.2778288
177.2569866
177.2035918
177.0332093
176.8928662
176.8399893
176.8221192
176.8131388
176.7824542
176.6654099
176.4743843
176.4291983
176.4138963
176.4066649
176.2824113
176.173697
176.0817464
176.0542323
176.0521946
175.899025
175.8533953
175.8193241
175.8071425
175.7887962
175.7760012
175.7575078
175.6654013
175.5836428
175.5648956
175.5609538
175.554554
175.5142467
175.4261904
175.2621506
175.1406207
174.967968
174.8778999
174.812843
174.7669108
174.7244121
174.7208292
174.7011583
174.6449514
174.5940171
174.5818955
174.513958
174.4228614
174.3938013
174.3647335
174.363636
174.1382395
174.1348909
174.0460779
173.9790802
173.8874751
173.7927162
173.7231156
173.6838077
173.6496503
173.6025057
173.3697401
173.3607486
173.1737839
173.0488007
173.0202262
172.9973499
172.9808516
172.9368736
172.9086796
172.8162652
172.7303885
172.7135134
172.6694573
172.6576453
172.5948514
172.4188765
172.3615834
172.3291173
172.0405211
171.9718371
171.9363962
171.8907668
171.8445672
171.8099501
171.5639164
171.5520226
171.5137924
171.4627283
171.4261826
171.4121654
171.3262594
171.2817046
171.1991262
171.0531394
171.0379005
171.0053548
170.9973976
170.8598247
170.7802953
170.7606139
170.6727994
170.6082345
170.6080965
170.585392
170.5178654
170.4800274
170.4501663
170.4073361
170.3804439
170.2090505
170.1702764
170.0234689
169.8974619
169.7682906
169.7533429
169.739855
169.7292359
169.7026618
169.6906055
169.6790543
169.6737294
169.5833425
169.5743748
169.5224186
169.5074516
169.447976
169.3503427
169.3141943
169.2747873
169.1959769
169.1548567
169.0503815
169.0190963
168.9497576
168.8695978
168.7837079
168.7501249
168.5755502
168.4973655
168.4904655
168.4447899
168.3360909
168.3142212
168.2657505
168.159543
168.1571856
168.1223077
168.0683955
168.0484691
167.9941894
167.8813165
167.8699666
167.8529477
167.7649967
167.732597
167.7293072
167.6959538
167.5154993
167.4396574
167.3352581
167.2701084
167.2560738
167.2384869
167.1803054
167.0978037
167.0405033
167.0353742
166.9542517
166.8607666
166.81771
166.8020743
166.7927504
166.6336207
166.6160133
166.6089837
166.5671307
166.5364361
166.5278148
166.5105357
166.4338703
166.3463267
166.3091947
166.3029621
166.2885809
166.2635984
166.1685317
166.0900786
166.0153069
165.9999541
165.9936512
165.9324624
165.8652063
165.855067
165.7607321
165.7558425
165.7168848
165.6640833
165.6409628
165.5814818
165.5059942
165.4158609
165.3438744
165.2423519
165.1734238
165.1645833
165.0789032
164.9282157
164.8944565
164.7150383
164.6358111
164.5903907
164.5559081
164.5344181
164.5091169
164.5036343
164.4743233
164.2389763
164.2032655
164.202927
164.1922553
164.0993641
164.0654341
164.0175773
163.89559
163.8195453
163.8034836
163.8000382
163.6754553
163.6530481
163.6134365
163.4185327
163.4003693
163.3052868
163.2528144
163.2361343
163.1431071
163.1126163
162.9798174
162.952756
162.6706076
162.6268396
162.6246085
162.5550278
162.5477864
162.4777141
162.4521281
162.4433556
162.3819928
162.3688547
162.3504517
162.3116561
162.292305
162.1625392
161.8910386
161.8736905
161.8663704
161.8056794
161.7259927
161.7129586
161.6905424
161.5276296
161.4616958
161.4242202
161.415424
161.3627518
161.2861489
161.2372686
161.2096566
161.2008845
161.1440227
161.1345476
161.1308485
161.1186034
161.1042355
161.0996522
161.0606305
160.9584569
160.947943
160.9200715
160.8137851
160.7825525
160.7351634
160.6751352
160.6205725
160.6134647
160.5205944
160.4499363
160.4403609
160.4353285
160.4007131
160.3541991
160.2304719
160.1401443
160.1216939
160.0466441
159.9592944
159.9259472
159.9128454
159.849407
159.8317762
159.8175498
159.7465325
159.5879689
159.5247526
159.4792754
159.4436219
159.3345759
159.3224182
159.3037344
159.2832005
159.2618938
159.1603246
159.1418884
159.076066
159.0686838
158.9438423
158.8319836
158.7682653
158.7380254
158.7032878
158.6771728
158.6410877
158.6332074
158.4445062
158.4305157
158.4110345
158.4029546
158.2393127
158.207914
158.2069394
158.1445914
158.0441598
158.0221876
157.978291
157.9078167
157.8817124
157.7926141
157.7571266
157.7566478
157.7525309
157.5173554
157.2765967
157.0404934
156.9524995
156.9253353
156.9141106
156.9048061
156.884799
156.831507
156.7277943
156.6284754
156.627043
156.5714853
156.4704876
156.4669223
156.4111047
156.3962586
156.313984
156.2446212
156.196215
156.158553
156.1474478
156.1155329
156.0857311
156.0410626
156.0164564
156.0044831
155.9822119
155.9365223
155.9206587
155.9138822
155.902817
155.8839191
155.8416898
155.7493438
155.7081485
155.6891363
155.6558052
155.6375
155.6216539
155.5356504
155.4899583
155.2596506
155.2569093
155.2022615
155.15264
155.1432261
155.125918
155.0516334
155.0416482
154.9593608
154.8564674
154.8525417
154.7674867
154.7451593
154.720762
154.6593497
154.6501962
154.6224928
154.5628452
154.5518854
154.484497
154.4838587
154.4549681
154.4478976
154.4295506
154.2763227
154.1271872
154.1001055
154.0811536
154.073159
154.0555656
154.0213144
153.9989314
153.9513742
153.8900231
153.8118195
153.7661726
153.7442069
153.7374158
153.6635141
153.6221858
153.5487691
153.5418875
153.4685972
153.458194
153.4062258
153.4036726
153.3839404
153.3396498
153.2531273
153.2125188
153.1927252
153.1026002
153.0694323
153.0090722
152.9720667
152.9685417
152.9271577
152.9213337
152.8278824
152.6012777
152.5679379
152.3756576
152.296151
152.2077581
152.2052452
151.9875758
151.9759607
151.8160785
151.7880369
151.5681229
151.560003
151.5168038
151.4520952
151.3653918
151.3607122
151.2669913
151.2608246
151.2035249
151.1370431
151.1053635
151.0908406
151.0247313
150.9916324
150.9031347
150.8658393
150.8183
150.7820068
150.7708453
150.7122665
150.5269116
150.5108573
150.4836956
150.4155948
150.3893885
150.3874039
150.3735266
150.2965828
150.2862102
150.2065414
150.0939708
150.0619456
150.0143074
149.9799562
149.8719888
149.790651
149.7786108
149.7243531
149.6296417
149.6195576
149.5186047
149.4671735
149.3665948
149.2268594
149.2115322
149.1917518
149.1885963
149.1818925
149.1779242
149.1507438
149.1269722
149.0523856
149.0437207
149.0354974
148.9588685
148.9020132
148.8977723
148.8282387
148.7626418
148.7577658
148.6986128
148.6352102
148.5929127
148.5707709
148.5682742
148.452876
148.4236438
148.3172374
148.3134327
148.292732
148.2128268
148.1890402
148.1488711
148.1306307
148.0774349
148.023651
147.9515877
147.9405276
147.928915
147.9115855
147.7862458
147.6968853
147.6308463
147.5946995
147.5935411
147.5525884
147.5139882
147.2979471
147.2626725
147.2171406
147.1876991
147.1827428
147.1693902
147.151027
147.1073264
147.0755587
146.980677
146.8947465
146.8944079
146.8859856
146.8581019
146.8200304
146.8061795
146.703797
146.6837624
146.6687919
146.6100038
146.566994
146.4971631
146.4645603
146.3509881
146.3348883
146.2642683
146.2552078
146.2292425
146.0832726
146.0352383
146.0153995
145.9603656
145.9072565
145.8882299
145.7965751
145.7775622
145.7180639
145.7143381
145.6346055
145.5610753
145.406173
145.395126
145.3930546
145.0262823
144.9547553
144.7423267
144.6874828
144.6866164
144.5209522
144.4902483
144.307432
144.2432047
144.1996359
144.0771112
144.0532483
144.0353684
143.9822394
143.9016374
143.8780013
143.8163853
143.7675288
143.7431373
143.6640595
143.57157
143.4404208
143.3799503
143.3325189
143.2947908
143.2557386
143.22024
143.1924034
143.1772743
143.1578544
142.885892
142.8641487
142.8498442
142.8285919
142.7863083
142.7157454
142.6540177
142.5804545
142.4689615
142.4158764
142.3966926
142.3651573
142.3642925
142.2810305
142.2174149
142.0686309
142.0467858
141.8909121
141.7845577
141.6929597
141.6432694
141.5841495
141.5151418
141.4475152
141.4327358
141.3568295
141.3167447
141.2136368
141.1790189
141.1657915
141.1524464
141.1135624
141.1070596
141.0406687
140.9770082
140.9599602
140.9566887
140.948689
140.943853
140.8314519
140.7300894
140.7111251
140.6825412
140.6535973
140.5982976
140.5952203
140.5934412
140.5147324
140.3850487
140.3400167
140.3342265
140.2235573
140.2229883
140.1747962
140.1618038
140.1042902
140.0859211
140.0354924
139.9676286
139.9362961
139.7863006
139.6713768
139.6705773
139.5886151
139.5746552
139.4912064
139.3356098
139.3081548
139.2739903
139.23512
139.2171421
139.1393571
139.1192307
139.0906276
138.9955738
138.9718005
138.8814805
138.82162
138.8196464
138.8044303
138.7821123
138.7524054
138.6164243
138.613868
138.5921446
138.5721411
138.545819
138.5297021
138.4696692
138.448687
138.4472954
138.3223154
138.280982
138.2033499
138.1954504
138.0695657
137.99062
137.9665319
137.9020651
137.8994763
137.8776821
137.7656172
137.6927254
137.6301068
137.620333
137.5608289
137.3945339
137.3939456
137.3412015
137.102478
137.0697923
137.0434043
136.9997895
136.9578146
136.9279043
136.8205123
136.7996848
136.7691191
136.7635982
136.6826496
136.6804575
136.6601418
136.6537888
136.5146944
136.4554059
136.4364451
136.3324489
136.2796642
136.2220581
136.2165362
136.1542104
136.1510995
136.1350602
136.1180616
136.0473814
136.0304439
135.9742524
135.9676399
135.9138333
135.8526437
135.8382705
135.8205044
135.8045249
135.6507499
135.6069089
135.5886585
135.5826806
135.5465319
135.5201943
135.5167228
135.5058937
135.4841419
135.4490679
135.3636251
135.3427071
135.3236395
135.3193838
135.3070104
135.2317115
135.0709592
135.0452129
134.866521
134.7840754
134.6954616
134.640784
134.5642812
134.5287066
134.4518893
134.4008506
134.2908989
134.215048
134.0681124
134.0193622
133.9567407
133.9131465
133.8890518
133.8873261
133.8400777
133.8387229
133.8285273
133.8266561
133.7446847
133.711191
133.7051789
133.6984861
133.6585242
133.5842319
133.5341523
133.5082293
133.4641626
133.4387952
133.3948841
133.3833312
133.3740281
133.3624962
133.313891
133.292038
133.2895633
133.2836848
133.2576597
133.0716705
132.9445237
132.920491
132.8909821
132.8417485
132.8252969
132.7198499
132.6722157
132.5983573
132.5603041
132.541718
132.4487415
132.4429775
132.4149447
132.3107374
132.3006424
132.2789109
132.0936197
132.0528056
132.0096062
132.0029159
131.9443431
131.9251701
131.9003897
131.8931
131.8618872
131.7683581
131.7201139
131.6993422
131.5503205
131.4869523
131.448472
131.1705327
131.120633
131.0946163
131.0723465
130.9341503
130.9245248
130.8726158
130.7687278
130.7587802
130.6653021
130.6208676
130.5600578
130.4598317
130.4448503
130.4357364
130.3826099
130.3504956
130.2255136
130.1928654
130.1400188
130.1268914
130.0609772
129.9920842
129.8710704
129.8604122
129.7687715
129.7576647
129.7293338
129.708987
129.6688582
129.560819
129.5560063
129.3631175
129.3364145
129.3171977
129.3169316
129.3156064
129.3103844
129.2502057
129.2154896
129.1844577
129.1825602
129.1821344
129.1046595
129.0454204
129.0201611
128.9775765
128.9595379
128.8550304
128.7856578
128.7427785
128.7412969
128.7307255
128.6625164
128.5840701
128.5288307
128.5281619
128.5139658
128.5123625
128.467876
128.2997212
128.2973767
128.2810579
128.2583761
128.1941923
128.151116
128.1259563
128.1231599
128.1099904
128.099368
128.0181668
127.8896562
127.8600599
127.7106761
127.6211973
127.5990018
127.5908671
127.5603713
127.5477526
127.5149129
127.5005647
127.4642128
127.4410928
127.4160509
127.2808537
127.2449478
127.210411
127.1531531
127.0606591
127.041442
127.0006901
126.9279223
126.9053516
126.8538805
126.8498054
126.7473381
126.6914851
126.5106284
126.495259
126.4568855
126.4463418
126.3988152
126.3645294
126.3298947
126.3265705
126.3205945
126.3023502
126.2819343
126.2590992
126.2581421
126.2317183
126.2250907
126.2006855
125.9609697
125.8304559
125.721661
125.6790256
125.6736557
125.6613956
125.6516912
125.6029876
125.4468926
125.4419703
125.4332151
125.4138631
125.3952126
125.3755969
125.2784
125.2383544
125.0913173
125.0499765
125.0208895
124.9675523
124.6852292
124.6356431
124.5752609
124.5641614
124.5031807
124.4595164
124.4384988
124.4359718
124.4296313
124.4072865
124.2569112
124.2281172
124.2277572
124.1447272
123.996433
123.9688956
123.9055795
123.8484433
123.8062639
123.7691654
123.7229754
123.7041133
123.6962357
123.5886094
123.4439264
123.4327445
123.3780466
123.3028266
123.210028
123.1687187
123.1503611
123.1104631
123.109845
123.0930264
123.0251423
122.9790599
122.9729162
122.8965734
122.8792113
122.8785604
122.8622598
122.8150259
122.7660634
122.6891763
122.5187509
122.4648017
122.4452396
122.4278737
122.3857326
122.3790377
122.3744564
122.3628492
122.2627193
122.2203199
122.1619533
122.1253995
122.1108297
121.7355553
121.4492656
121.4358943
121.4103479
121.3438486
121.252045
121.1716551
121.1654822
121.0274441
120.9824312
120.7898369
120.78599
120.731509
120.6604309
120.6537002
120.6125605
120.587604
120.5680404
120.5602252
120.5200074
120.5152209
120.4739065
120.4655239
120.4105443
120.3761121
120.2797393
120.2787222
120.217817
120.1409671
120.0882639
119.9956166
119.9471421
119.9433545
119.9180733
119.7663109
119.6538327
119.6330271
119.6317519
119.6180604
119.5463585
119.5328076
119.5031521
119.4333734
119.3082197
119.2645634
119.1887829
119.0460133
119.0453178
119.0338769
118.9899039
118.9844088
118.9450019
118.8079212
118.7097511
118.5704549
118.4869474
118.4258531
118.4019256
118.2020639
118.0464478
117.9993883
117.997451
117.9263171
117.8564959
117.8490792
117.7483759
117.7044023
117.6468279
117.6189647
117.5964243
117.5321488
117.5233025
117.5149011
117.5029323
117.4957392
117.4193178
117.4135016
117.3366092
117.2540297
117.2531639
117.190228
117.1775582
117.152077
117.1077608
117.0330413
116.9255195
116.9104802
116.9038483
116.8563955
116.656712
116.6279182
116.6106399
116.5623039
116.5541292
116.3881822
116.3587026
116.3556584
116.3267954
116.3019092
116.2621229
116.2129243
116.1387914
116.1010557
116.0947634
116.0799154
116.0238298
115.9442222
115.8708828
115.795597
115.7692493
115.6971109
115.6755816
115.585066
115.5737763
115.5379383
115.5116415
115.4939207
115.489542
115.3198768
115.160938
115.1085971
115.0970447
115.0861531
115.0712824
115.0383184
115.0095376
114.9806148
114.9104533
114.8075206
114.7917125
114.7540389
114.7466034
114.7319566
114.7179713
114.7122276
114.6708962
114.6642903
114.653159
114.6062789
114.6004187
114.5219213
114.4118881
114.4084458
114.2863214
114.2509628
114.1633183
114.1579347
114.0427966
113.9219782
113.884711
113.8111043
113.704744
113.7000092
113.6995907
113.6902337
113.6780164
113.6780096
113.4990417
113.4942536
113.4688534
113.4440595
113.4070583
113.3556931
113.1731722
113.0872331
113.078031
113.0750034
113.0411748
113.030368
113.0023775
112.9818568
112.9772346
112.9730956
112.9469644
112.9449298
112.9099274
112.8976611
112.8478051
112.8065086
112.6858858
112.6277787
112.6015773
112.4942731
112.4753269
112.4367538
112.3598687
112.3151118
112.2675988
112.236731
112.2102907
112.1570128
112.0946548
112.0673388
112.0152582
112.0101595
111.9546878
111.9356206
111.926744
111.8631548
111.8029586
111.7969333
111.7888076
111.7320469
111.6495186
111.6080132
111.5935078
111.5356899
111.5284881
111.4827251
111.4826938
111.4270505
111.418211
111.3676044
111.333598
111.2983995
111.2537452
111.2525917
111.2124389
111.1393352
111.1181879
111.0933617
111.0753603
110.9525617
110.8405741
110.8083466
110.8018239
110.8006554
110.7856955
110.7738013
110.7558698
110.7000605
110.6839964
110.6237484
110.615776
110.582674
110.5406571
110.3981005
110.3695671
110.213552
110.0277543
110.023892
109.9620927
109.7826758
109.744765
109.6661143
109.6264252
109.6260567
109.6209195
109.6059187
109.6057194
109.5632524
109.5390295
109.4876369
109.2687751
109.2118818
109.0919494
109.0388774
108.9086397
108.9070151
108.8737508
108.8045546
108.6697275
108.5805112
108.554761
108.5516522
108.5445043
108.5183622
108.4696983
108.4486786
108.4147835
108.3268348
108.2289749
108.0972021
108.0883362
108.0548884
107.9438226
107.9316032
107.9271676
107.8354144
107.6719935
107.6594936
107.6194457
107.5427221
107.498793
107.3616062
107.2345333
107.2222508
107.2179729
107.189804
107.1438615
107.1309958
107.1268182
107.0368589
106.9996885
106.9887894
106.9343055
106.8886547
106.8880201
106.8608485
106.7415218
106.7317306
106.7286452
106.72165
106.6954589
106.6366978
106.5903156
106.5804849
106.5121088
106.4642632
106.4517275
106.4022959
106.3881585
106.3750754
106.2935904
106.2366413
106.2226001
106.2040591
106.202311
106.1982142
106.1667642
106.1389085
106.1141328
106.0719187
106.0633518
106.0462748
106.0213905
105.9808303
105.9742358
105.939101
105.9329028
105.8820785
105.8394884
105.8175857
105.7862349
105.7431672
105.6273648
105.6184631
105.5973626
105.5671457
105.541146
105.484798
105.3968601
105.3876187
105.2357973
105.2215621
105.2079902
105.0817292
105.0369948
105.0009789
104.9572238
104.9555107
104.914849
104.8732186
104.870668
104.8479142
104.8416323
104.7025961
104.5816331
104.5749655
104.5188572
104.5011656
104.5001496
104.4739969
104.4251927
104.4158191
104.2801019
104.1859923
104.0943265
104.0838872
104.0283856
103.958477
103.9248591
103.7853416
103.7753435
103.7106078
103.4763286
103.4444274
103.2984677
103.179879
103.1478189
103.1409277
103.0799085
103.0698633
103.0679412
103.061675
103.0578931
103.034907
103.0117988
102.9816916
102.9412927
102.9161216
102.8889054
102.858659
102.849192
102.6672187
102.5166636
102.4551779
102.4094385
102.3702799
102.3096714
102.2896327
102.2875179
102.2213269
102.1408031
102.0523065
102.0496471
102.0406206
102.0350947
101.9442283
101.9009216
101.842216
101.7829927
101.7031541
101.6966252
101.6147451
101.5963168
101.4835376
101.4485303
101.4366948
101.3759744
101.3448901
101.3130277
101.2457376
101.1714186
101.0693836
101.0520837
101.0506794
101.0315059
101.0196122
100.9680782
100.9352722
100.8509807
100.8447584
100.7462726
100.7157607
100.6953564
100.6862059
100.6735687
100.6507415
100.5806309
100.5417478
100.5362653
100.5343527
100.5047078
100.4815365
100.4140805
100.3595893
100.1170341
100.0858211
100.0835091
100.0596542
99.99417355
99.98563608
99.96506102
99.92414142
99.90963783
99.73730545
99.72237235
99.71203466
99.6901775
99.67593177
99.65796136
99.65643218
99.65636309
99.62907522
99.5657564
99.43563398
99.38370328
99.23290116
99.22623377
99.1476046
99.14146453
99.13802343
99.12260413
98.97869737
98.73164928
98.59344252
98.5796812
98.56937764
98.47298682
98.40980344
98.27630751
98.27164113
98.2525616
98.19246363
98.1873247
98.12387411
97.98255558
97.95948899
97.90650242
97.83053761
97.7601798
97.67974385
97.5317727
97.51422244
97.28041691
97.15073198
97.13366628
97.01868136
96.94148482
96.66570961
96.64370355
96.63317624
96.59517527
96.58383518
96.52522375
96.4998181
96.49725873
96.47196715
96.4621989
96.4346945
96.4004443
96.3734492
96.34282579
96.33073408
96.32286795
96.31934491
96.27442996
96.23377451
96.23215056
96.21220003
96.17866129
96.13392419
96.09309475
96.08183427
96.07316628
96.04378029
96.0427816
96.01597963
96.00162926
95.98688499
95.91903113
95.868885
95.86801479
95.82224512
95.76087508
95.72689469
95.62211943
95.58325732
95.52421209
95.48315119
95.45908863
95.42609812
95.3860191
95.33861804
95.33129194
95.26518702
95.16148061
95.14380675
95.10256765
94.97526834
94.89266288
94.87599376
94.8325044
94.80736853
94.80111161
94.7957163
94.77555485
94.74989299
94.74860327
94.69614081
94.68604937
94.66668898
94.53654932
94.53627681
94.41586596
94.35309711
94.29159374
94.25247063
94.16363819
94.11591673
94.09569755
94.06178359
94.02967083
94.01336086
94.00442671
93.99879132
93.98139927
93.7950754
93.78771272
93.73763653
93.72698897
93.69883559
93.67809069
93.6536059
93.62282685
93.52884206
93.52530338
93.49644815
93.44678934
93.43094086
93.39721493
93.37208545
93.22435984
93.20936458
93.13852478
93.07893427
93.04277793
93.00030458
92.88641254
92.87530174
92.66497432
92.52905734
92.47013924
92.42582584
92.38931206
92.25609013
92.18509437
92.12914429
92.0800351
92.0642567
91.94854804
91.8704749
91.81069136
91.75336578
91.71178399
91.57323517
91.53920033
91.49742508
91.46134798
91.42789322
91.395152
91.24264585
91.23068723
90.84680016
90.8040688
90.6863694
90.6403969
90.62335396
90.61020254
90.56184996
90.52230841
90.35202263
90.27795837
90.27763028
90.26607933
90.25808425
90.15192055
90.08161635
90.05022508
89.98253885
89.97106846
89.92432426
89.88881279
89.86834567
89.78976296
89.78122177
89.72918356
89.6961019
89.67687211
89.61766994
89.61212047
89.40006885
89.36692426
89.30155788
89.20691639
89.14408612
89.13424677
89.07750675
89.0143293
88.91477057
88.90030837
88.83340684
88.76434168
88.72558324
88.71575671
88.70926089
88.66842496
88.61786938
88.61360811
88.37570606
88.26274081
88.23182539
88.23115705
88.20708786
88.2043883
88.17117171
88.17060807
88.1150823
88.10323159
88.07148105
88.03037569
87.99527544
87.88924908
87.87788014
87.82606528
87.7947182
87.67163936
87.63111751
87.43981388
87.30378567
87.23716682
87.11768169
87.07344203
87.04212593
87.02810998
86.92123484
86.90969878
86.85820383
86.79029735
86.7818157
86.75063888
86.73694718
86.72258185
86.71240549
86.67221249
86.62444687
86.60852091
86.58573287
86.43817231
86.42542648
86.22665051
86.18898768
86.13973894
86.09082985
86.06073072
86.02677638
86.02446589
86.00639175
86.00063917
85.97947578
85.81091586
85.79021004
85.78767074
85.7828341
85.77829914
85.74781882
85.70885113
85.69407293
85.66225264
85.57691589
85.56058917
85.54418643
85.47581362
85.30993288
85.27898016
85.07842638
85.06823724
85.05682268
85.04220474
84.81281103
84.79012008
84.72364431
84.66333735
84.44064309
84.35500267
84.25429936
84.2275765
84.21283877
84.16111876
84.13965546
84.02563193
83.95691876
83.95296661
83.93234701
83.75331042
83.63669004
83.54603934
83.53565744
83.52079386
83.51586077
83.47605484
83.4696046
83.43493673
83.4174368
83.39153699
83.3858058
83.37661908
83.3564722
83.35595061
83.35479881
83.30247647
83.29989563
83.27122932
83.1945179
83.16739278
83.10601705
83.04558245
82.93039912
82.90578168
82.84983302
82.82762632
82.80321655
82.80318174
82.76113266
82.69055773
82.54281244
82.48272347
82.47321679
82.45966512
82.41082722
82.31713388
82.29012958
82.2721076
82.26972581
82.26767969
82.18033059
82.1800315
82.04961606
82.01887121
81.95580908
81.92369805
81.88104478
81.71088321
81.67482239
81.62794002
81.52114951
81.41017041
81.38044885
81.37273506
81.31056388
81.28927841
80.94788391
80.93009724
80.92292864
80.89259475
80.88562449
80.87223315
80.82109042
80.71600521
80.66277835
80.65117413
80.63626352
80.60872827
80.59986059
80.55708032
80.51889059
80.47265733
80.46611074
80.41194519
80.39819206
80.35342866
80.3401043
80.30425416
80.26901334
80.20295625
80.19440133
80.16453832
80.10768708
80.07957124
79.99017053
79.74077002
79.71458456
79.68540803
79.68199737
79.64852184
79.5265183
79.34249578
79.29703362
79.28658921
79.2861025
79.27388782
79.26776924
79.12720973
79.12160187
79.0344524
78.99946228
78.85037883
78.8159552
78.78762853
78.72092389
78.67448835
78.48287918
78.46114578
78.43381039
78.3591699
78.31860994
78.26118684
78.24318839
78.18273302
78.05393129
78.03585701
77.82237924
77.69292941
77.65306702
77.63643656
77.62852181
77.47393777
77.40588273
77.32660832
77.31821002
77.25453018
77.23890316
77.22784426
77.21789636
77.20881208
77.20316227
77.19973701
77.19008558
77.16513692
77.0862563
77.06775308
77.06752177
77.0672269
77.02456558
76.64257209
76.58121597
76.38283973
76.31529889
76.30262108
76.28338506
76.25289666
76.10241722
76.07721345
76.01546196
75.93813093
75.93530116
75.81687422
75.62087471
75.44152019
75.28955193
75.28442554
75.22530498
75.08189236
75.00242552
74.98318287
74.91763325
74.71789172
74.65145536
74.53682888
74.35364825
74.31463408
74.1879734
74.15337407
74.02149432
73.95340587
73.78294783
73.72746594
73.68434407
73.68201439
73.64093746
73.6273505
73.61770332
73.58987639
73.48217247
73.36366548
73.29080876
73.29029954
73.18462534
73.17759441
73.07188672
73.00197715
72.95052815
72.84103587
72.80719166
72.77868733
72.70262657
72.68158186
72.6585322
72.64231475
72.63567387
72.61589376
72.55576988
72.53829917
72.52573529
72.48911823
72.48722862
72.41977975
72.40569322
72.3471893
72.24489021
72.239532
72.19178779
72.05225547
71.96334955
71.95863831
71.9469668
71.91711388
71.77695295
71.72130679
71.69348975
71.67633123
71.60548738
71.59164409
71.53832235
71.42213853
71.39387832
71.34590881
71.32700373
71.30483052
71.2367016
71.19912689
71.15414813
71.14099249
71.13936261
71.10405188
70.96208857
70.94548232
70.91957286
70.9141923
70.90633485
70.86011057
70.79037302
70.79008
70.64536821
70.63754155
70.58303706
70.54542258
70.52429323
70.42464805
70.41939846
70.39179179
70.38632215
70.30904246
70.25131369
70.10953461
70.10840194
70.05173501
69.89064585
69.80430253
69.79216252
69.43881509
69.42970213
69.25886836
69.24621847
69.15871515
68.98119004
68.91996173
68.90492652
68.89574706
68.87374628
68.86386462
68.81273355
68.78361563
68.73357505
68.73078345
68.61017644
68.53325347
68.49090376
68.38954106
68.3756994
68.36637939
68.28171529
68.2787565
68.16924903
68.0778613
68.07532782
68.07527044
68.05705063
68.03149728
67.93005107
67.87145316
67.85563947
67.85321774
67.59747678
67.42529418
67.3223315
67.31781211
67.26840528
67.2425839
67.23774936
67.09366278
67.0238518
67.02169265
67.01798281
66.99727741
66.98831012
66.79033811
66.73048233
66.64040075
66.53649482
66.3407358
66.33004487
65.87876064
65.74353255
65.68232599
65.62556366
65.5947145
65.54979413
65.4415502
65.40146646
65.31575369
65.2969845
65.22557129
65.03548334
65.03087601
64.91560941
64.91224474
64.87462477
64.72853672
64.72427543
64.46959322
64.44646353
64.43855176
64.40078965
64.39519961
64.34031327
64.18719586
64.14226457
64.0088733
64.00365569
63.68907763
63.55931767
63.55549094
63.40517426
63.30501069
63.29283158
63.14293464
63.13713976
63.09489124
63.09098321
63.06867322
63.01723546
62.96792432
62.91233881
62.76907373
62.76085379
62.7269653
62.71329007
62.70734852
62.64629686
62.57722019
62.57323222
62.5702975
62.54496665
62.54018013
62.49803416
62.4506775
62.31697414
62.17004277
62.13685008
62.10451777
62.1036358
62.03425562
61.9241817
61.9220318
61.86656954
61.72285737
61.71033357
61.70160464
61.69512646
61.68276113
61.54150471
61.42939852
61.41157546
61.34651232
61.32737886
61.23534496
61.21628232
61.18309852
61.16298062
60.85942748
60.81397494
60.73396825
60.73206239
60.72770511
60.69182505
60.59204069
60.57006022
60.5348354
60.50370925
60.4750999
60.4493005
60.29362617
60.27774433
60.19602579
60.15557704
59.83607382
59.82378081
59.75011762
59.71442909
59.45920543
59.27350131
59.26805808
59.22743147
59.20659625
59.12528953
59.09728866
59.00367615
58.9687649
58.91447081
58.74656048
58.64548211
58.55330822
58.50222808
58.32398629
58.16993636
58.10602872
57.99367971
57.92220202
57.81576583
57.62796031
57.62201491
57.58625139
57.47057983
57.41848948
57.4001541
57.39561052
57.38503922
57.34302284
57.32282865
57.25647779
57.14842204
57.12761685
57.09362437
56.95905493
56.88881804
56.54856627
56.46706588
56.43762864
56.3828588
56.34627447
56.27831284
56.19172269
56.13099352
56.08132017
56.04998468
55.89893719
55.88854436
55.88608672
55.70316146
55.55344143
55.49446845
55.44243507
55.29779986
55.16441761
55.13877693
55.11568406
55.08854665
55.0594427
55.02745139
54.9277252
54.89436196
54.86618015
54.57319473
54.50426739
54.43651462
54.42641074
54.38413197
54.28671654
54.23357582
54.22946904
54.20225054
54.20108657
54.15071107
54.09835571
54.04706925
54.03877668
53.94133783
53.83457902
53.69315856
53.55347827
53.34468563
53.08858488
53.04248493
53.004764
52.94887284
52.86242577
52.84119984
52.80971312
52.70560337
52.69107582
52.6426272
52.57694304
52.57653002
52.28660905
51.82845176
51.6932532
51.54494848
51.33747578
51.28067824
51.05075945
50.9204577
50.77656446
50.77081639
50.52766061
50.49037115
50.46843087
50.40349284
50.35469021
50.3413281
50.30624315
50.21048891
50.13956826
49.99829922
49.83847449
49.63394724
49.30429235
49.28660763
49.26308238
49.23855181
49.19525274
48.76988845
48.71740025
48.57207716
48.47089781
48.16412386
48.05043133
47.90088388
47.78745981
47.70149781
47.66538901
47.4732044
47.45962976
47.44878623
47.39470843
47.27624107
47.22598843
47.22005272
47.06084344
47.05728209
47.05156406
46.9068871
46.81404741
46.81234586
46.44462818
46.43716923
46.2725087
46.19054287
46.17996189
46.13204354
46.05062209
45.63864843
45.57820012
45.55177958
45.30258929
44.95906729
44.78652764
44.76786844
44.76529781
44.65734729
44.65161802
44.2949051
44.15085719
44.09353
44.06559364
43.94548234
43.87383611
43.51488894
43.49167548
43.46120675
43.44489625
43.33267162
43.00672619
42.45630388
42.45440508
42.32253945
42.2773293
42.02831832
41.85209003
41.69760301
41.68887419
41.64907775
41.64574862
41.49297044
41.45500501
41.34065674
41.13856214
41.05756156
41.00626064
40.9904208
40.9077128
40.75264507
40.69688712
40.6938619
40.32266128
40.30516591
39.88163223
39.48900387
39.45137908
39.38641537
39.31490989
39.19828502
39.05557761
38.95666801
38.72073326
38.69295372
38.58578166
38.31471059
38.13635676
37.85982568
37.74249316
37.66955435
37.6046044
37.4551828
37.25500154
37.25165246
37.24110522
37.22844085
37.19661909
37.07982739
36.94146893
36.92004404
36.79600746
36.76478676
36.4817462
36.10401725
35.91093514
35.88366442
35.82221569
35.81907887
35.5277618
35.38142597
35.34091334
35.3059132
35.29093737
34.83348632
34.62550781
34.6091204
34.51505332
34.19651433
34.1034121
33.85584154
33.59398946
33.46449201
33.4497837
33.40522743
32.85384504
32.75653819
32.66176103
32.63567203
32.62528033
32.30379997
32.30119627
32.13554672
32.08171743
31.91114965
31.78555968
31.67061128
31.35761734
31.28236574
30.81934983
30.71875274
30.48561341
30.4033833
30.32591425
29.74642272
29.50571858
29.45733993
29.22072025
29.12517658
29.11258756
28.64029023
28.61248634
28.51342655
27.72824013
27.62019154
27.41940965
27.21708906
27.02211175
26.55103964
26.5084132
26.43211445
25.94035165
25.7406493
25.66926099
25.40875313
25.24345732
25.16870746
25.15145764
25.06251457
24.45984221
24.44012274
24.40617986
24.34838303
24.01041279
23.98026485
23.60124292
23.5674912
23.56427703
23.54079095
23.27758635
22.9645021
22.38602823
22.23051432
22.02217247
21.95596746
21.39014624
21.17289166
21.03300492
20.75356976
20.69714242
20.61513862
20.38667564
20.29539086
20.27262781
19.56365818
19.29770611
19.27356648
19.21640019
18.29250446
18.2084822
17.81431655
17.29960389
16.36205232
16.10800953
16.05271361
15.89646666
15.79980886
15.38590361
15.10548666
14.85356862
13.85359683
12.65852318
12.65644098
12.33121428
12.15851679
11.20224845
10.56983966
10.56731563
10.13053256
9.253681013
9.049345957
5.934317052