117.6468279
266.4384994
122.1619533
421.9281917
364.0754545
98.27164113
199.4841698
137.6301068
164.5559081
93.52530338
237.7462481
272.6754863
182.5263229
132.5983573
155.9206587
200.8584334
198.0832099
112.4942731
203.216722
122.8785604
274.7646978
489.1168651
449.5340992
327.9714899
117.4193178
578.931899
303.8889742
427.1499018
411.8275408
188.0413112
147.2171406
395.368325
140.5982976
349.2614971
670.4280667
231.5140151
312.2320331
225.1448968
215.6135893
58.55330822
128.5281619
116.8563955
117.4957392
249.5386223
347.5880109
740.633845
195.7197097
670.9135518
967.8927511
409.2202245
276.9319856
157.0404934
1160.35793
374.8326084
247.08216
72.05225547
199.7450582
286.0477173
147.1073264
343.9607013
303.8982956
1310.937067
649.4589058
875.137082
453.1400057
217.051992
432.1967292
149.1885963
153.1026002
283.2036913
623.1676423
371.6665019
502.7343321
246.641615
296.0233024
286.6584195
169.3503427
323.030175
261.8567517
126.495259
63.09489124
172.6576453
179.3605876
108.5445043
160.4007131
214.9045226
112.0673388
349.50596
141.4475152
634.7884533
233.1373656
158.207914
222.6150168
350.7988862
236.139337
553.4821783
248.2131791
133.8890518
527.7438855
364.6750686
735.8457915
197.3762768
214.6481668
1076.53658
1030.512228
506.5110575
140.0354924
508.7410769
206.53439
110.8405741
297.0212035
314.8478477
1128.062451
722.843474
602.2921616
941.4277341
611.3385882
425.484722
538.2996878
1020.415604
754.6070871
115.6755816
451.5818221
411.3574536
563.9159651
437.6941229
551.5578294
779.0960477
1096.079024
1030.920066
610.3744275
748.3536222
1122.895968
620.8425281
804.7893339
558.4584337
1140.852719
414.6214041
648.0423364
771.6417456
1156.654015
721.3212576
677.9058274
2232.675516
1264.361582
592.3745005
6417.066449
709.1767364
864.9780686
1158.826141
682.9859205
606.6799013
162.3116561
566.3023761
537.6704864
642.9585118
367.026944
443.609935
735.7877658
752.3311481
414.787272
1194.564475
1160.39022
1298.050672
403.7766679
477.3533709
1019.022229
933.6211288
824.603464
1001.483858
1006.568456
846.2396825
377.3823071
79.29703362
412.3717516
965.6191078
262.0075308
235.8762278
1535.313248
1156.685781
534.7945481
681.0121144
1061.581545
273.8916768
565.3046188
1150.89081
78.05393129
771.835941
1517.831465
720.5496802
312.1316219
374.5484316
432.0223244
1042.337144
263.5748271
593.3658992
681.902631
427.2060142
387.9099727
1054.656622
472.5079319
550.6900694
524.8501785
424.0545159
644.6857696
426.4146595
546.9494031
600.8042728
203.1962313
563.1576056
93.67809069
262.0442758
255.8451911
74.15337407
252.3791337
285.0812154
358.8364031
189.9096541
296.845755
347.613649
270.1568292
141.7845577
531.1132127
65.22557129
264.9501267
273.6018577
96.47196715
387.0240986
445.5276047
377.9493445
398.2232414
674.5803563
228.3548586
410.9332823
507.301777
812.0799186
462.0014906
229.3079396
252.9441942
429.6008537
92.0642567
80.20295625
549.4269809
212.9080703
258.6233191
865.9057451
420.6136525
633.6391505
221.9119367
294.5820788
129.3171977
111.5356899
1039.501891
1274.059234
1561.26666
540.3591757
696.1050923
335.1796162
662.8415473
619.6914038
675.0682845
343.2141426
641.5664209
665.6002572
325.7626916
393.3777687
467.2740695
289.4083458
615.5433229
48.76988845
246.4990069
4458.977592
608.4145458
699.8480159
1351.957176
449.840838
354.4315927
1159.667683
517.18893
904.662307
548.6200423
457.7522518
24.34838303
200.3545937
658.0109282
132.7198499
425.0555162
457.0186718
426.9766959
559.5444034
2179.025857
1156.151494
689.5155615
695.5394658