603.9793208
313.751688
422.7980077
244.9437894
212.702843
145.8882299
524.2137138
60.4493005
88.83340684
431.4263444
135.3636251
163.2528144
325.9642593
88.07148105
326.8360646
227.4793929
103.4444274
106.8886547
210.6782985
28.64029023
38.69295372
369.3596155
1179.134192
192.3349979
124.6852292
433.7837977
2612.132383
1971.52331
611.7485003
175.7760012
182.3154236
68.89574706
152.9213337
271.1602811
2068.649162
235.2053135
94.74860327
122.3857326
100.0596542
325.0034106
725.7372757
68.28171529
204.7769072
94.01336086
144.4902483
73.64093746
265.0378032
155.7493438
225.4328861
165.6640833
205.157371
368.7818364
170.9973976
115.5379383
97.28041691
52.86242577
233.1737605
302.2293975
126.2317183
71.67633123
266.3624093
508.6907506
145.406173
147.6308463
301.0966734
314.0144749
758.2564855
355.0594938
374.9447463
112.9099274
388.93993
567.3000865
290.4952794
53.83457902
95.62211943
301.6254957
72.84103587
84.02563193
156.1474478
276.9074569
137.620333
128.1259563
143.2947908
572.4417811
203.260311
460.889302
101.9009216
764.7889149
365.0096907
267.1656329
171.2817046
960.7300943
206.5679249
269.9460956
138.9955738
147.5139882
239.8792171
213.6821031
98.73164928
693.914215
244.0123034
705.4467779
112.9818568
306.5138299
612.9184526
491.2778642
525.0268118
177.7792535
72.63567387
27.41940965
290.0529435
122.9729162
159.3224182
430.9284061
5830.79826