573.8215204
200.4750209
168.5755502
140.1042902
202.80287
248.6449242
172.9086796
187.1325716
83.30247647
89.13424677
102.4551779
147.9115855
72.19178779
113.3556931
140.0859211
148.8977723
106.3750754
57.99367971
125.721661
62.4506775
25.24345732
60.27774433
119.6317519
87.23716682
53.34468563
63.29283158
96.09309475
85.97947578
61.42939852
164.6358111
174.6449514
305.3077587
279.1600143
202.842775
91.94854804
92.0800351
195.5834386
181.5628507
286.9693081
260.1030464
324.9190412
323.9857426
415.1204846
251.8560697
410.3821713
282.6343855
341.431765
247.2753868
320.3458829
154.8525417
297.8447007
181.0579755
117.5233025
110.8018239
135.5167228
263.6735999
470.7391251
169.0190963
244.1981878
569.8544042
831.2406521
181.1006841
215.648769
207.8333297
203.4440758
201.3698673
376.5441742
99.22623377
532.1060851
209.8637067
233.9193673
148.5929127
177.2778288
248.9079143
119.9433545
184.2995813
78.26118684
105.2215621
280.3635578
136.1180616
241.5215167
253.4329215
232.9094618
117.4135016
280.1723304
322.8197672
131.4869523
311.361308
169.5224186
168.2657505
238.5742251
131.120633
469.8509197
569.848055
206.268984
302.9068653
218.6575328
288.4835558
249.9513972
185.8600447
150.3893885
370.5847741
122.8965734
71.42213853
112.6015773
124.5641614
86.7818157
126.9053516
133.3833312
228.2922414
344.3977632
319.5688638
472.0315281
170.1702764
214.0350215
278.4034999
170.6727994
189.0113394
289.5393808
123.3028266
101.3759744
296.8548024
425.5415406
280.6343314
202.0443396
86.73694718
264.4173711
85.70885113
109.5632524
324.8329072
116.9038483
527.8023708
375.9550461
117.190228
109.6209195
414.0719817
197.1092073
372.8156167
171.8445672
236.6440727
252.3647743
247.2755269
321.3529166
268.3356665
1101.222281
756.3792712
336.237898
625.188021
105.0369948
449.4007791
678.9720392
688.0004797
374.3594867
563.4291537
192.3745581
82.41082722
169.2747873
112.8478051
136.6826496
188.1393919
111.6080132
128.2997212
228.8566731
270.0206896
351.0479525
248.337429
279.8352877
190.7428261
260.3165268
230.4256739
187.1927417
214.3745996
293.23292
151.3607122
149.0437207
40.9904208
18.29250446
484.4243172
602.4436145
328.8307731
200.8164182
162.4521281
154.0811536
148.1890402
105.3876187
73.48217247
87.87788014
100.7462726
263.484288
405.859581
513.2809342
432.8799905
234.1028631
195.4309329
172.6694573
184.892805
200.1664961
309.0107358
199.2426882
168.4447899
210.3234388
219.2802147
455.6473679
798.1012858
119.3082197
488.0890967
309.2723318
842.109984
199.6376029
145.9603656
264.346587
164.2032655
329.5966883
186.1308035
346.9035084
205.2555691
132.2789109
272.2182639
437.1519731
404.6236805
415.381017
297.8874882
161.8736905
280.6576165
485.5988547
216.9248253
344.1935003
455.9703792
321.998793
556.8395304
495.3491493
249.3853741
162.6268396
327.9206401
231.7210609
169.7292359
372.3775812
276.2713949
181.5581068
1461.03919
447.51041
365.1417033
260.7793948
296.144735
418.9092455
1015.164637
1266.983966
112.9469644
393.2675711
311.2014568
89.67687211
344.584574
515.7970902
553.4969922
717.5140849
262.3624043
248.5124979
187.3356374
210.5689543
521.583669
77.31821002
1035.716108
636.5180605
246.2283736
934.7210241
677.12026
485.1157023
1373.468254
458.4102235
605.1955983
243.3261787
468.5398091
1033.688881
539.329719
299.1453626
719.5374537
579.7586015
308.7330999
552.1494009
834.2322339
564.0321207
106.1141328
631.1072953
367.2974212
546.9604356
522.8289041
1053.74833
1932.194514
132.8252969
205.7042945
904.2426721
416.5632625
260.961524
353.6188036
357.2983921
1114.197691
462.8419951
1144.267359
448.0183463
561.017123
1480.511975
273.4977139
784.8697399
2557.122692
427.5483057
268.2843632
175.5609538
310.5740889
260.3490108
704.0562974
582.8853206
375.9245088
368.4046299
98.19246363
320.4048526
559.7261001
280.378228
461.221707
2339.469724
307.7797603
57.38503922
1420.15789
74.65145536
841.2823347
505.7000503
984.6223174
348.7244464
263.9964456
392.3783739
321.7404975
267.228985
323.7764099
124.4595164
418.672806
303.0057094
393.6772886
145.5610753
245.9523977
485.0827979
389.8346962
372.9984272
200.1381159
504.7938498
449.4057166
535.3639906
542.3860308
237.4686014
192.5477706
126.2006855
162.6706076
122.4452396
274.7686542
1024.266755
512.7580476
930.5332236
2021.271658
151.2669913
499.7254309
484.4729349
280.9579325
193.5096046
244.8459731
202.7534244
437.7685041
661.1128813
408.3792123
218.4359376
218.5917297
231.2658006
340.1373435
205.0972698
472.9680552
322.9522669
850.2793848
183.4299933
151.0247313
343.5655797
455.1129516
123.8062639
161.8910386
203.165442
309.1098142
473.5962507
690.4687426
397.9173151
254.7329083
170.8598247
225.3416992
163.6754553
158.6410877
214.6820079
181.0863139
133.8266561
108.4147835
531.2160072
268.0627968
112.0101595
103.7753435
90.61020254
130.5600578
231.8252035
94.02967083
59.82378081
132.0096062
106.7317306
180.7890547
201.6663991
295.9003543
323.1776546
333.2200247
176.4743843
612.546261
311.0879619
311.8150589
469.2741635
68.98119004
294.7646957
123.8484433
106.0213905
67.85563947
36.76478676
36.92004404
61.9220318
141.5151418
166.3091947
335.2786912
356.3418316
260.6789565
182.6872601
185.5108831
372.1765747
240.2751851
248.6804549
220.004271
325.609754
356.8485282
173.0202262
422.9445757
368.5081153
60.57006022
374.1709925
100.8509807
126.3645294
128.2583761
137.6927254
260.0454416
93.13852478
345.355899
280.531691
140.1747962
197.8052874
214.4016668
565.6240265
1234.038596
213.8992603
431.5233484
216.6871844
573.5508361
216.3591242
345.8512831
544.2387509
556.2130049
185.1414652
319.6115148
84.13965546
297.7229405
228.2682808
532.2915829
276.3302456
141.1790189
250.286858
248.2183089
410.4291047
928.7872553
399.109927
519.3444141
1282.899794
849.0461949
280.6798846
423.4072406
522.30662
182.7980165
240.9974085
492.8267634
323.5893534
248.7241659
270.9890908
166.3463267
250.8033817
282.4782024
413.1926165
175.7887962
388.5166919
347.0745155
269.6944523
127.5005647
185.2228545
173.6025057
337.559567
194.5771886
120.5200074
176.7824542
154.1001055
276.1392443
223.6224378
489.6884535
746.8498108
236.4917104
62.49803416
347.5845255
153.3839404
403.7893273
86.58573287
143.22024
281.623758
320.5085814
373.5564033
325.8294659
79.64852184
113.0411748
135.9742524
210.6952132
349.9104726
368.7029461
445.8297325
342.7585491
276.392885
225.7759689
266.6801937
577.9262858
256.0610189
177.4627272
1758.102437
392.8641918
423.0598597
508.6256786
381.862358
408.3638316
617.8500603
782.3007177
698.6668171
547.8524091
927.5397507
460.1114115
789.1843558
354.0280095
183.337138
644.1267202
241.9099472
831.2179063
535.3058318
584.3644251
487.9957592
431.9542778
367.1742333
509.5283741
359.5754983
747.3470005
86.60852091
400.7141266
175.7575078
116.1010557
255.6003256
506.3352708
232.5937355
456.9719591
133.8387229
298.2978836
479.4690735
680.7100553
3168.297717
376.8723972
278.4916117
156.0044831
366.6975616
473.0381075
489.8701604
627.8382043
93.07893427
289.2385369
128.7427785
201.9749633
496.8550445
211.072195
221.0684796
136.9997895
204.9253904
933.0291534
882.9173371
158.1445914
156.9141106
391.7519066
438.9407645
332.8241804
168.8695978
317.0316367
189.6733985
251.7930264
77.06775308
135.5465319
174.7244121
184.3250933
125.2784
253.8525275
219.4886579
83.47605484
114.0427966
128.2810579
113.4070583
107.2345333
445.7326274
649.5564452
226.4261613
107.9271676
127.5603713
180.4089209
132.0528056
113.6995907
119.5031521
288.370424
192.2732385
336.5988734
102.0406206
133.9567407
151.8160785
96.52522375
247.6052792
67.09366278
169.5074516
419.2154344
379.3440381
264.161725
229.5487444
154.4478976
75.08189236
338.4923278
160.4353285
233.4398014
265.0378001
440.8959672
165.1645833
454.8382891
125.4138631
156.4111047
337.6267557
310.8355893
382.8188089
15.38590361
118.0464478
257.325236
380.125165
501.5791873
167.0353742
247.8770901
144.0353684
270.1658321
46.17996189
431.1315192
339.8298863
311.2578408
402.3672774
246.7860741
769.3697612
366.6703818
532.5646655
140.9566887
158.7032878
94.53627681
70.10953461
156.9524995
306.6971663
117.0330413
176.8399893
96.27442996
142.8498442
100.6953564
226.4873455
200.0500956
169.8974619
272.0925653
122.3628492
88.17060807
96.08183427
80.19440133
352.8929613
247.5900979
246.3579511
386.3549911
228.5903399
758.1376158
273.5959413
455.3377586
509.8127458
450.5380923
401.5255185
229.4608281
198.5586637
190.9793291
532.1859466
230.2430265
220.7025422
45.63864843
261.5509975
248.9356498
117.6189647
90.6863694
108.4486786
190.8215319
323.9929723
117.2540297
161.2861489
219.4576399
440.7751275
322.3552623
216.0069374
391.7146761
272.4586393
885.2062872
729.9430525
367.413692
399.778762
164.0175773
51.54494848
185.3407417
249.0384194
100.5417478
126.4463418
192.5231294
68.3756994
271.3969165
318.9824625
377.6377054
400.4248648
180.1762566
220.4328975
236.4296999
50.77656446
24.01041279
104.4251927
64.91224474
67.26840528
194.2467372
174.3647335
227.5137741
122.3790377
125.4332151
367.8598244
195.1900824
291.9360965
142.4158764
187.4454217
210.1973373
282.1727729
156.9253353
651.4918961
528.8354314
268.3048671
300.9379009
421.8765228
262.6100404
322.1000801
93.04277793
94.80111161
114.6708962
286.5825753
224.9072586
106.202311
84.72364431
244.8443138
83.35595061
173.7927162
160.2304719
139.6713768
132.8909821
231.8285519
223.6583012
177.9605184
218.6792394
159.9128454
118.9450019
62.5702975
126.3298947
130.1928654
181.1790445
193.7315279
268.4743375
217.3141057
172.9368736
276.6685464
541.6458623
315.8883262
166.6089837
226.5570666
219.7479143
274.4142264
190.1552829
759.0530217
954.3942071
1298.382763
889.5108975
167.5154993
347.2408005
165.5814818
1520.69259
774.3860821
179.9382973
702.2369802
122.4648017
154.5628452
330.931758
363.8203014
772.012008
869.3094974
292.2272816
58.91447081
199.6020011
134.2908989
353.8494286
301.52432
106.6366978
115.160938