183.3977498
242.9458796
338.4397898
1087.177418
475.4303836
414.9403297
266.7951177
231.1930072
90.6403969
209.836085
102.2875179
143.3325189
61.71033357
232.3747207
174.8778999
313.8307129
49.23855181
230.6108966
145.9072565
180.4338652
539.8229307
170.0234689
258.1161837
233.5029075
275.2764733
212.6056169
300.8230857
305.6777632
72.41977975
317.5052808
258.0869002
114.6062789
206.78967
170.585392
86.85820383
107.498793
137.8994763
176.0817464
450.6842752
155.9138822
457.6757996
314.2422523
148.8282387
192.72989
384.6472862
235.1816995
344.0406742
414.0569371
625.2436307
428.0224612
642.413416
691.4059954
461.6711009
338.0885307
635.1824841
408.7518424
607.3813068
728.5951221
200.9995901
246.900582
302.8900785
355.6851649
400.710898
463.2392051
150.7122665
474.6067037
345.6681669
487.1193477
347.1656046
468.5140417
193.3200219
581.0041931
251.7948246
292.24511
293.9210263
564.922953
620.9135403
338.304608
315.9436852
301.2167069
114.7122276
492.3838237
812.9483748
835.3955222
1157.942054
746.5854718
343.7930359
731.5344018
673.4599751
245.6530731
327.3650841
457.3614638
386.3724317
421.9058339
391.1631949
737.2483631
667.0681648
667.5545332
714.2621812
649.062678
458.3826373
550.8747578
770.4707665
430.103907
379.7498635
912.3020039
980.9564714
646.9771004
1224.106391
1292.766922
603.3390203
1097.061096
568.5047212
555.249556
1051.010167
500.4756611
737.3712889
359.1201006
313.9370994
396.4020269
521.533034
966.8607208
856.3855764
336.6259673
380.5808031
1130.309181
952.7761762
1014.557428
143.1772743
432.2778938
547.7637719
1073.567826
314.2187985
1127.171577
413.7018344
636.328062
187.4629014
545.9956959
290.8145937
375.3165838
453.7754647
305.2315584
849.987839
388.4028799
510.6865052
882.6504548
724.711631
324.9628475
322.9971178
801.4960586
206.9434582
1837.99507
434.5914706
648.7393266
735.0742768
313.4390282
547.8921958
423.0094469
258.2890471
517.8060729
1696.875788
1371.421575
387.3011292
279.8491697
317.049091
1761.421977
495.7457378
78.18273302
3123.463469
93.72698897
959.7300288
1020.402239
91.42789322
113.8111043
139.7863006
183.7351031
415.8108554
210.5822799
192.3756665
259.7617267
285.2696332
381.3580774
244.4462937
152.9720667
718.0829915
277.6555304
367.1988295
497.0015863
248.0022921
361.6939429
117.9993883
588.3538368
507.4444153
203.2802571
320.3547221
287.0673513
130.8726158
267.9925787
159.1418884
236.4935551
123.210028
54.04706925
89.78122177
103.1409277
10.56983966
459.8273243
232.5542661
752.0183107
239.8932208
360.0088571
278.4055335
623.4623042
483.9287171
280.3462682
262.4557343
37.22844085