127.8600599
294.4657957
94.66668898
204.4659083
108.6697275
193.3216672
302.8168548
162.6246085
116.9255195
41.68887419
365.0680823
276.5146856
103.4763286
86.71240549
81.41017041
161.6905424
114.5219213
224.0510074
174.1348909
129.708987
200.1142227
111.6495186
165.9999541
106.7415218
319.5458901
89.88881279
83.3564722
138.545819
100.5806309
233.2933765
160.9584569
130.4357364
182.5033205
161.2096566
163.8000382
95.48315119
86.90969878
112.0946548
230.7813997
80.59986059
135.2317115
77.62852181
204.5795436
246.5175413
79.2861025
44.95906729
115.0095376
47.4732044
129.7687715
243.7408651
182.8463609
176.4066649
57.34302284
181.5713021
82.80318174
155.0516334
153.7442069
219.0531961
265.6338554
156.313984
175.6654013
117.9263171
105.2079902
171.3262594
147.5946995
63.09098321
156.196215
139.1192307
120.6537002
183.5443801
223.0596288
111.8631548
270.0436885
211.8848233
217.5422041
87.04212593
192.6399058
150.3735266
80.87223315
51.05075945
205.9038159
116.3019092
156.0857311
114.9806148
138.5721411
173.0488007
46.13204354
109.0919494
155.7081485
181.5333544
105.9742358
166.5671307
148.292732
92.87530174
64.44646353
223.2981707
97.7601798
106.0719187
111.7320469
141.1135624
107.2222508
77.32660832
111.0753603
179.9897814
157.5173554
65.2969845
149.9799562
175.554554
136.2165362
129.5560063
86.06073072
130.2255136
152.3756576
50.46843087
69.89064585
75.44152019
236.8921019
115.5116415
163.1431071
105.8820785
116.3556584
108.8737508
203.4661786
78.78762853
33.46449201
120.2797393
156.7277943
38.95666801
78.99946228
93.00030458
106.4517275
40.75264507
77.02456558
160.4499363
69.24621847
158.2069394
130.3826099
77.65306702
110.7856955
93.78771272
57.09362437
88.1150823
113.0023775
139.3081548
144.5209522
129.1844577
119.0453178
170.2090505
189.1857164
189.6665235
169.1548567
192.6962073
83.51586077
80.63626352
129.2502057
121.4103479
141.8909121
143.2557386
146.4645603
113.7000092
188.8061992
180.3908831
229.9269156
127.5908671
195.3147336
61.70160464
131.7683581
76.38283973
106.5121088
213.2665454
182.5745283
297.1155858
176.8131388
107.8354144
204.1105974
67.31781211
146.8581019
173.8874751
165.7607321
175.899025
178.3762563
132.4429775
128.7856578
217.3444495
151.2608246
136.6804575
96.13392419
116.6106399
143.4404208
202.6154472
97.01868136
101.7031541
198.7136349
287.5712133
132.3006424
151.5681229
148.3134327
117.5029323
269.6196923
152.2077581
179.9222797
120.3761121
97.83053761
110.0277543
224.8990309
137.9020651
201.3568234
233.1887019
112.6277787
137.99062
130.9245248
78.3591699
125.6029876
176.173697
71.30483052
96.3734492
191.2652543
88.71575671
143.8163853
120.0882639
142.0467858
102.3702799
111.2525917
202.1156194
225.7345067
60.81397494
111.5284881
99.98563608
296.6321998
138.4472954
103.7106078
164.5091169
169.6906055
106.0633518
135.3236395
159.3037344
162.5550278
167.8529477
83.04558245
212.0217315
251.059083
129.0201611
224.4764529
99.1476046
344.1237759
207.5945644
183.7719003
27.72824013
159.2832005
51.28067824
141.1070596
216.7127284
87.07344203
77.16513692
123.7229754
63.13713976
72.80719166
118.4869474
86.00639175
113.6780096
170.5178654
203.9039372
213.5850292
55.11568406
79.12720973
65.4415502
106.3881585
72.53829917
129.2154896
111.418211
191.3190058
78.03585701
83.95691876
104.2801019
155.902817
90.27763028
89.20691639
85.07842638
233.3349946
177.4143092
55.55344143
64.87462477
158.0441598
96.31934491
89.61212047
89.30155788
135.4490679
136.8205123
128.5139658
192.3529795
174.0460779
145.3930546
79.0344524
70.91957286
112.4753269
205.5334774
106.9887894
266.4444053
120.5680404
94.80736853
66.64040075
181.1600836
182.3546343
124.2281172
122.8150259
143.1924034
133.313891
78.67448835
110.6237484
171.5639164
195.3946875
254.5654768
146.2642683
122.2203199
209.3009304
287.8207456
154.7451593
184.4918476
127.5990018
153.5487691
153.2125188
125.8304559
183.8205292
191.1487767
67.0238518
99.65643218
38.72073326
56.34627447
33.4497837
104.7025961
100.5362653
161.3627518
85.79021004
87.43981388
167.8699666
169.7533429
129.8604122
158.8319836
106.6954589
108.3268348
295.6869305
72.95052815
111.4827251
114.653159
207.1148372
125.9609697
145.7965751
146.0153995
198.1041081
144.307432
177.5613534
266.1974205
167.2384869
149.1917518
88.20708786
104.5188572
224.0472559
158.9438423
286.4427943
120.9824312
127.7106761
112.2675988
179.3204523
153.6635141
98.27630751
119.5463585
147.9515877
47.45962976
205.9341162
127.5149129
193.156597
94.87599376
82.26972581
122.9790599
129.8710704
316.1669897
144.7423267
287.43257
183.1608293
169.739855
251.2321422
102.9412927
223.0096948
203.6799368
156.627043
179.451387
221.0156914
135.6507499
170.4800274
260.4688862
160.6205725
116.5623039
156.6284754
70.96208857
162.292305
205.3115043
181.2696872
189.5587808
194.6989181
192.9237206
153.8118195
100.0835091
157.2765967
283.9561822
129.9920842
10.13053256
193.1442631
119.4333734
152.5679379
144.0771112
215.6507389
67.2425839
114.7540389
108.0548884
79.68540803
129.3156064
123.5886094
204.3218709
16.10800953
105.9808303
164.5036343
159.849407
203.9462168
122.1253995
184.1882066
360.9997635
193.0090511
219.8246809
220.3841861
147.7862458
159.3345759
180.5344397
136.3324489
105.9329028
138.8814805
77.22784426
157.7525309
140.6825412
156.9048061
128.1941923
146.0832726
197.3073168
173.9790802
210.2543066
129.3169316
82.69055773
60.15557704
104.5749655
93.20936458
228.2053801
180.9926386
127.4160509
149.1779242
244.7797389
172.3615834
141.4327358
180.6558272
137.0697923
72.64231475
140.8314519
65.87876064
83.10601705
83.54603934
54.89436196
198.778319
102.2213269
91.23068723
110.7738013
147.0755587
83.4696046
117.8564959
199.719827
125.6790256
217.8094324
135.5826806
55.49446845
119.6180604
114.7917125
162.952756
184.7427333
160.7825525
223.9324742
175.4261904
195.1209109
168.4973655
94.68604937
77.20881208
183.6133169
85.05682268
216.6803874
131.9443431
174.7011583
239.8054866
136.5146944
104.1859923
160.9200715
167.0405033
138.448687
54.38413197
90.05022508
101.5963168
232.623795
121.3438486
73.78294783
122.7660634
85.66225264
159.1603246
150.2862102
115.4939207
116.1387914
171.4121654
143.7675288
194.1076674
125.4468926
106.0462748
164.9282157
216.7464786
92.66497432
209.0250294
196.1367137
249.5736003
228.5058103
196.3134485
159.9259472
138.6164243
89.72918356
135.3427071
224.731278
272.1961969
168.159543
209.7868003
159.5247526
178.7585735
135.9138333
99.13802343
143.3799503
154.7674867
93.7950754
112.4367538
125.0913173
85.7828341
120.5152209
140.7300894
218.1193756
130.9341503
112.8976611
183.9974455
138.8044303
95.98688499
272.8262557
259.6377373
156.3962586
88.91477057
101.3130277
218.184178
68.86386462
244.4698292
186.8942739
104.870668
158.7682653
266.519385
115.7692493
167.0978037
178.2801252
154.9593608
68.2787565
116.3587026
188.9855964
193.7085396
89.36692426
100.6862059
196.6131472
185.0022056
128.2973767
113.9219782
181.883547
258.7242217
205.0322298
229.1521843
113.4688534
161.0606305
163.1126163
196.3269839
182.6778074
142.0686309
206.6921423
264.1362345
294.0155648
217.0104736
81.88104478
285.459277
150.3874039
148.6352102
19.56365818
135.3070104
131.7201139
118.2020639
153.8900231
340.8929524
180.5722285
219.2527284
38.31471059
208.3314355
145.6346055
22.02217247
159.0686838
115.795597
77.06752177
96.63317624
126.4568855
94.29159374
92.18509437
107.9316032
104.5816331
228.2404093
211.4411294
133.6984861
92.38931206
84.81281103
278.1678095
212.1348226
216.3097408
132.541718
177.7559761
208.8067259
247.4952646
167.9941894
199.3672648
192.7608402
49.99829922
115.6971109
129.3364145
136.0473814
89.97106846
370.3900852
111.926744
238.384918
183.6736211
72.52573529
109.9620927
67.85321774
193.2788373
66.33004487
164.5344181
184.1203924
227.4847521
191.9081802
93.6536059
202.7804134
133.7446847
130.3504956
90.26607933
201.524929
199.6870133
150.5269116
181.8446251
211.698814
146.2292425
360.9678864
258.0225471
183.9898609
330.4757614
276.5016977
200.6789432
202.056234
170.6080965
200.2200506
264.8104724
138.0695657
75.62087471
179.0652442
321.9880329
181.0746454
94.53654932
225.5141846
146.2552078
165.0789032
153.9513742
241.2359407
188.0220631
100.7157607
86.02677638
300.5664163
128.7307255
215.4021866
88.10323159
138.7821123
63.01723546
322.1330326
163.8195453
137.7656172
104.4739969
260.3940645
153.3396498
146.6100038
263.0204329
167.2701084
176.0542323
197.7087788
274.1354218
161.7259927
274.1269093
320.8392185
165.9936512
198.6257688
111.2983995
99.65796136
95.26518702
178.1080921
240.384866
125.0499765
191.3916452
185.7312596
175.8071425
86.43817231
103.9248591
211.3619545
175.5142467
126.7473381
173.3697401
236.4543745
113.884711
382.46194
83.63669004
83.52079386
112.9730956
176.8221192
173.3607486
149.4671735
50.77081639
323.598913
153.4062258
169.6790543
133.5341523
165.4158609
188.9144092
130.6653021
162.9798174
203.6164022
62.57722019
188.9634768
249.9096625
174.967968
101.1714186
92.47013924
183.8233629
215.0407221
82.31713388
314.4314252
250.5100698
74.35364825
117.1077608
166.8607666
256.0118492
252.4690648
190.7822302
266.0856571
142.8641487
142.3651573
196.811734
171.8099501
204.7752646
308.5562936
205.8023424
283.8813832
138.4696692
202.8981895
83.3858058
120.4105443
93.73763653
144.1996359
119.2645634
133.8873261
219.763195
154.484497
123.9688956
149.2268594
72.48722862
115.9442222
223.8526512
165.855067
171.9718371
207.7650795
186.0283656
202.7685315
313.4967638
359.8367441
85.74781882
202.3700625
268.6385724
196.6734351
361.0057892
507.0015862
259.5834993
146.6837624
210.1473941
84.79012008
160.0466441
285.4161938
140.3342265
162.3504517
155.6216539
129.7576647
116.656712
211.8174816
166.0900786
758.6671556
230.7129307
417.3751331
183.9543284
94.41586596
204.7418624
214.5614101
161.1308485
123.4327445
257.4677338
259.5181465
120.217817
186.3246317
120.731509
151.9759607
68.81273355
77.25453018
155.9365223
188.7685769
86.09082985
102.9816916
149.7786108
68.03149728
205.7730243
182.2571187
33.59398946
205.0904742
306.2455318
269.0941035
123.0251423
101.3448901
436.0296885
268.7426235
200.2418634
251.0260926
135.6069089
142.5804545
136.2796642
160.1216939
268.219402
113.4440595
723.2748343
336.6275887
143.9016374
285.9911435
292.8844916
273.1628443
93.62282685
203.7694073
207.298517
169.5743748
171.9363962
102.8889054
198.2895713
210.6107051
204.3148548
102.858659
114.2863214
202.0968957
127.210411
251.3315849
161.1345476
280.6879495
231.7190206
121.1716551
110.5406571
87.67163936
259.5101991
140.948689
113.4990417
149.1818925
700.2900732
160.1401443
251.8737163
168.3142212
367.36501
201.051364
269.8258642
220.5777055
187.0670953
242.3643274
183.0267997
136.7996848
294.9135905
273.402633
184.1000969
355.2729569
275.0529417
272.5028739
286.3618159
64.00365569
149.1269722
240.3189408
72.48911823
127.4410928
219.6497957
105.7862349
183.7311403
289.6019919
281.0785641
99.6901775
25.40875313
151.7880369
66.73048233
14.85356862
140.2229883
280.9717309
320.5364418
319.3258143
132.4149447
421.3438417
186.8122213
364.4657419
221.3850807
138.5921446
98.40980344
151.3653918
75.81687422
111.4826938
245.5224511
161.415424
216.3634652
159.7465325
38.58578166
87.02810998
82.18033059
15.10548666
170.7606139
58.64548211
77.19008558
196.95578
137.3939456
98.1873247
133.4387952
152.8278824
80.07957124
59.45920543
203.9615073
132.920491
85.27898016
60.50370925
111.1181879
115.5737763
362.5666566
243.6536104
43.87383611
161.4242202
181.5569633
218.9234619
139.23512
136.2220581
115.0712824
88.76434168
61.68276113
81.31056388
106.4022959
23.60124292
277.2474391
187.5517792
52.57653002
216.4434488
270.0159463
129.1046595
210.5730531
85.04220474
79.26776924
110.7000605
99.71203466
109.6661143
122.6891763
103.034907
259.1796094
327.4111175
37.6046044
213.6406865
177.0332093
162.4433556
229.1621637
66.99727741
188.7880588
148.2128268
57.32282865
175.2621506
48.57207716
215.5401856
113.030368
208.5009566
81.28927841
177.8047414
224.5331969
243.9422393
210.2090491
72.77868733
181.2793005
193.7242018
66.3407358
314.0919241
89.0143293
128.1099904
177.2797586
287.1710108
79.74077002
164.8944565
207.6231487
132.0029159
147.1693902
147.1876991
362.7133283
176.4291983
126.2819343
146.703797
127.8896562
168.1571856
107.1268182
150.9916324
468.3877865
741.6094866
109.0388774
140.1618038
257.943906
298.1663884
309.3588868
231.6242061
117.5149011
174.5940171
306.5958847
240.5035675
64.18719586
12.15851679
49.28660763
141.6432694
225.8395195
155.2596506
255.0324861
76.64257209
131.9003897
107.6719935
65.54979413
128.9775765
129.7293338
193.2804462
187.21927
196.4827759
202.7769945
200.7296988
99.5657564
299.6416433
134.0193622
264.1849298
63.68907763
275.4268899
103.7853416
540.3672417
238.0896133
1074.537466
310.33257
113.6780164
177.905068
194.7663883
165.6409628
239.6397126
85.06823724
131.0723465
293.7016231
149.0523856
73.68434407
67.93005107
12.65644098
53.94133783
190.0126261
155.6891363
136.1510995
119.9180733
104.8479142
446.6283658
207.4801459
86.72258185
343.5826166
271.7731499
773.620076
446.1299035
98.12387411
138.1954504
474.3159024
538.626868
96.17866129
82.04961606
311.724809
248.8905075
86.67221249
257.5752365
73.95340587
187.4374582
351.5583838
383.8833332
384.2089599
241.8557466
365.4111997
462.8094435
254.7966436
236.4024671
318.3622947
233.9806959
216.7512364
62.76907373
70.9141923
147.1827428
415.156308
418.2006932
527.0593436
245.3352956
166.5364361
68.78361563
120.1409671
218.1864556
86.00063917
267.7267128
263.0720978
201.3635711
9.049345957
285.1468069
215.2988664
296.3395897
29.12517658
56.19172269
141.2136368
33.85584154
234.2973696
311.9519776
180.8517692
266.6725129
302.843661
161.4616958
50.49037115
259.6331381
352.2783005
56.88881804
109.6059187
392.5315208
375.7144958
41.69760301
47.39470843
197.5588466
35.81907887
118.7097511
102.0523065
31.67061128
138.7524054
260.1512781
278.2280125
54.15071107
153.4036726
324.6894502
204.3507956
225.1361602
164.1922553
547.6279319
192.5043374
188.1022469
223.7342707
202.040307
259.7140211
722.6323344
263.8823788
208.0707366
297.4926166
163.6134365
329.7310051
99.72237235
138.2033499
156.831507
179.872133
147.6968853
212.810148
730.5136995
282.5011697
69.15871515
83.93234701
273.1802487
226.802804
220.8116392
303.6056077
153.9989314
141.3167447
699.9066009
276.9778751
331.6277819
557.2909319
586.419802
667.4235297
454.5125777
159.2618938
294.640598
102.1408031
204.424392
30.48561341
183.3464275
57.62796031
227.7250031
99.38370328
167.3352581
173.7231156
192.8501151
97.67974385
615.0278124
259.0929399
97.90650242
363.9538557
176.8928662
178.2941217
165.7168848
284.8769643
172.7303885
683.7165207
285.0286205
189.5467306
91.395152
169.6737294
73.00197715
80.51889059
127.0606591
96.4621989
194.1590546
178.8926389
261.5261853
204.2667863
140.2235573
95.45908863
155.9822119
291.313901
151.0908406
153.7374158
300.320385
133.6585242
23.5674912
170.6082345
61.72285737
161.0996522
222.1034944
154.6224928
160.947943
615.9025096
453.6560155
57.47057983
47.06084344
70.30904246
110.8006554
20.69714242
177.2035918
95.91903113
124.5031807
147.5935411
250.5614993
99.23290116
124.5752609
183.6657563
162.5477864
117.5321488
21.39014624
134.4518893
71.60548738
100.3595893
123.0930264
59.22743147
92.88641254
101.0520837
105.5973626
196.3352431
91.49742508
79.34249578
88.23115705
124.1447272
110.8083466
48.05043133
12.65852318
210.8847514
79.99017053
98.56937764
220.8948621
153.1927252
184.5396454
104.8416323
90.8040688
55.16441761
67.02169265
118.9899039
101.4485303
51.82845176
83.27122932
120.4739065
100.9352722
100.4140805
295.8079027
288.4365274
188.1671526
160.7351634
158.6771728
223.5636402
238.7154683
65.5947145
429.0411077
67.87145316
637.8908939
80.92292864
172.5948514
149.6296417
99.96506102
211.8132285
186.6795721
105.6184631
125.6613956
69.80430253
115.489542
182.9775064
230.6117495
733.6789417
266.510662
392.178338
139.1393571
180.6103522
189.5270852
287.9234838
340.5496491
202.864771
126.3988152
128.5840701
154.0555656
101.9442283
121.4492656
313.4487573
70.79037302
114.8075206
59.20659625
184.3143248
99.73730545
441.2005938
80.93009724
199.6339036
180.3274743
114.4084458
139.9676286
83.37661908
175.5648956
192.5726601
290.7300606
131.5503205
196.5426718
268.2194268
55.13877693
153.458194
43.94548234
46.9068871
188.3630283
155.8416898
100.8447584
83.1945179
126.8498054
240.9510383
167.7649967
365.6614601
54.50426739
107.1309958
120.6604309
53.08858488
55.88854436
114.1633183
140.3400167
90.62335396
112.9449298
145.7180639
37.74249316
125.2383544
82.45966512
170.4073361
146.8859856
164.0654341
239.95651
172.3291173
118.9844088
64.34031327
108.2289749
96.0427816
135.9676399
118.4258531
137.0434043
135.0709592
135.8382705
164.5903907
222.2132668
124.9675523
71.14099249
160.6751352
124.6356431
77.0862563
216.5401432
168.9497576
98.2525616
49.30429235
146.8061795
133.5842319
96.32286795
154.5518854
86.02446589
96.66570961
105.0009789
185.5987513
101.0506794
211.2907232
116.2129243
57.92220202
59.71442909
61.21628232
59.12528953
139.2171421
59.09728866
55.44243507
62.70734852
85.54418643
107.5427221
126.6914851
77.63643656
96.33073408
40.30516591
69.42970213
73.29029954
77.69292941
105.541146
136.1350602
137.8776821
179.2318759
75.28442554
85.57691589
49.83847449
265.8863527
271.2983468
120.4655239
149.3665948
211.5833333
151.2035249
124.2277572
104.0283856
103.0799085
185.8677402
92.25609013
98.97869737
62.76085379
107.2179729
47.27624107
32.30379997
42.45630388
82.29012958
157.9078167
65.62556366
158.2393127
105.3968601
174.7208292
246.8236728
101.4835376
150.7820068
129.3103844
110.023892
150.0619456
69.79216252
105.0817292
200.4491307
269.5347692
87.88924908
155.1432261
103.061675
104.914849
105.8394884
32.62528033
164.202927
21.95596746
11.20224845
86.22665051
80.66277835
106.2040591
162.4777141
266.8768023
60.29362617
80.94788391
88.03037569
72.239532
47.90088388
150.7708453
135.8526437
237.5597488
260.1104657
80.26901334
200.5663175
180.2975647
110.3695671
236.5014465
410.3707059
261.7259893
1293.530918
361.8688202
160.3541991
182.5321868
235.4142958
34.19651433
70.63754155
61.23534496
83.4174368
31.91114965
78.48287918
50.30624315
83.53565744
63.55549094
68.73357505
58.9687649
70.41939846
138.82162
91.81069136
114.7319566
35.82221569
153.0694323
214.7170301
82.01887121
111.7969333
70.90633485
54.20225054
61.32737886
101.0315059
166.7927504
54.03877668
62.54496665
61.34651232
109.6264252
76.25289666
173.6838077
234.758279
155.6558052
62.03425562
120.2787222
74.31463408
78.46114578
163.3052868
178.2261125
106.9996885
88.70926089
133.7051789
174.3938013
313.7046077
99.62907522
105.2357973
89.92432426
223.6519313
116.9104802
182.3228749
157.978291
227.497387
110.3981005
188.6417235
441.2598482
142.7157454
165.8652063
138.5297021
300.355548
240.3517123
196.7252755
263.8711539
216.1834022
113.0872331
87.99527544
197.2601731
116.0947634
268.0314766
202.7549311
254.663425
70.54542258
129.3631175
37.66955435
111.3676044
70.79008
65.68232599
156.158553
123.6962357
91.46134798
10.56731563
142.3642925
97.98255558
51.6932532
114.2509628
98.59344252
96.58383518
79.27388782
107.0368589
50.9204577
90.52230841
44.65161802
70.52429323
72.55576988
303.25048
74.1879734
80.89259475
302.2266157
209.89624
119.6330271
39.38641537
293.7648063
105.939101
141.6929597
240.7836322
12.33121428
70.25131369
159.9592944
77.20316227
106.4642632
140.9770082
32.63567203
68.53325347
94.77555485
92.12914429
111.2124389
93.39721493
37.19661909
87.82606528
49.26308238
157.7571266
51.33747578
83.35479881
155.2569093
97.95948899
34.1034121
197.7820809
216.4550386
217.2789201
70.39179179
116.6279182
36.4817462
56.54856627
71.19912689
67.59747678
68.61017644
24.44012274
50.35469021
41.64907775
22.38602823
60.73396825
52.70560337
5.934317052
214.9133665
166.5278148
170.3804439
96.01597963
155.2022615
309.5010291
624.2492872
376.1465485
105.7431672
66.98831012
64.46959322
143.57157
111.2537452
24.45984221
36.94146893
78.24318839
103.179879