148.9588685
84.21283877
85.56058917
85.30993288
126.3265705
80.3401043
58.32398629
30.4033833
60.73206239
110.582674
23.56427703
82.47321679
82.54281244
94.06178359
37.24110522
185.3287085
183.261322
122.8792113
62.17004277
118.4019256
163.4003693
95.3860191
168.3360909
140.5934412
131.6993422
81.71088321
83.16739278
137.9665319
95.52421209
70.05173501
87.63111751
58.10602872
158.4110345
178.1411781
122.1108297
50.40349284
155.5356504
209.9531771
136.9279043
52.57694304
77.40588273
55.0594427
77.23890316
62.13685008
96.34282579
86.92123484
73.68201439
75.93530116
115.3198768
133.4641626
82.80321655
148.1488711
98.47298682
89.86834567
99.99417355
41.85209003
76.01546196
54.23357582
70.58303706
107.9438226
91.57323517
110.213552
133.292038
78.72092389
104.0838872
132.0936197
132.3107374
166.2885809
56.43762864
95.33129194
43.46120675
187.6231405
80.39819206
80.30425416
46.81234586
152.6012777
81.67482239
67.23774936
106.5804849
87.11768169
23.54079095
134.4008506
60.5348354
109.6260567
101.6966252
140.943853
71.32700373
116.0799154
113.4942536
50.52766061
71.95863831
243.9322444
41.34065674
135.8045249
215.0094234
140.5952203
156.4669223
137.3945339
189.1427513
34.6091204
123.7041133
80.41194519
105.6273648
96.21220003
112.6858858
77.0672269
140.5147324
108.8045546
28.61248634
126.8538805
106.1389085
127.6211973
100.6507415
177.7577592
141.5841495
101.0693836
181.4451754
130.1400188
186.4552572
80.65117413
95.72689469
144.9547553
64.40078965
31.78555968
136.0304439
223.2509826
168.7501249
39.48900387
71.53832235
215.3069976
65.74353255
171.0053548
154.720762
68.05705063
139.9362961
18.2084822
72.3471893
175.1406207
82.2721076
88.2043883
112.3151118
54.09835571
71.77695295
29.50571858
73.61770332
40.69688712
141.1524464
41.05756156
52.28660905
197.4366327
169.0503815
117.3366092
63.40517426
52.80971312
68.91996173
109.2118818
72.6585322
19.29770611
41.45500501
42.2773293
61.54150471
121.1654822
53.04248493
30.32591425
84.2275765
129.560819
61.16298062
229.6536261
133.3624962
61.69512646
25.16870746
20.27262781
68.38954106
25.15145764
32.85384504
101.0196122
26.55103964
62.7269653
103.0578931
122.8622598
39.19828502
40.6938619
71.13936261
41.49297044
25.7406493
30.71875274
76.10241722
60.19602579
71.69348975
35.91093514
41.13856214
68.87374628
74.02149432
46.81404741
36.79600746
54.28671654
47.66538901
55.29779986
74.91763325
35.3059132
62.64629686
77.82237924
34.51505332
56.27831284
24.40617986
144.0532483
108.554761
106.7286452
200.2131947
73.29080876
95.86801479
106.9343055
62.91233881
80.47265733
114.6642903
95.14380675
167.7293072
82.76113266
103.958477
76.28338506
119.1887829
151.1370431
489.2992707
149.5186047
263.4246689
331.060071
194.5402835
185.0079471
72.40569322
213.0791732
73.07188672
72.68158186
75.00242552
88.61360811
248.7042577
125.4419703
169.3141943
156.2446212
255.2470591
110.615776
135.5058937
88.37570606
169.447976
163.8034836
153.2531273
37.25165246
60.69182505
291.421729
176.2824113
150.9031347
133.3948841
280.4924035
64.39519961
115.0383184
149.0354974
123.3780466
68.73078345
99.12260413
197.7733992
248.4671418
199.3012574
193.8828748
217.9725734
301.7119944
195.5617942
115.0970447
111.5935078
48.71740025
70.86011057
104.5011656
29.45733993
364.5431961
371.6322144
124.2569112
147.9405276
123.7691654
142.2174149
194.9819834
169.7026618
459.2130166
644.0224231
430.2127045
570.8511894
647.055467
276.1805005
744.9706036
196.7250536
221.2236741
148.5682742
257.9147468
239.9305377
233.7182924
272.5987817
119.6538327
263.4804429
86.62444687
348.5813162
387.9566847
134.640784
150.8183
29.74642272
260.4150305
91.24264585
93.44678934
1259.511235
722.9603067
106.2366413
96.49725873
66.53649482
86.18898768
89.61766994
68.90492652
112.8065086
117.7483759
45.57820012
78.8159552
71.72130679
122.5187509
25.66926099
13.85359683
46.43716923
16.05271361
32.75653819
128.6625164
96.00162926
55.02745139
126.3205945
154.6501962
413.5007118
305.4721972
56.46706588
257.0043313
183.1731056
168.0484691
116.5541292
182.3217416
763.3798189
725.3551324
406.3542214
251.8802114
212.3272564
227.2970148
113.1731722
49.63394724
166.1685317
215.9757234
342.2283651
95.58325732
128.8550304
107.6594936
202.8984812
35.38142597
109.6057194
61.41157546
201.2885464
249.8865602
1538.373718
189.9012664
161.5276296
93.37208545
246.620628
594.4423975
561.6368917
218.4633388
152.296151
146.980677
107.6194457
153.4685972
553.5508462
36.10401725
272.1790078
185.9463056
142.8285919
166.0153069
100.4815365
112.9772346
120.78599
200.2269173
120.587604
207.914447
90.15192055
298.9036514
235.0032225
295.8315897
250.3699157
165.7558425
269.3355453
166.6336207
123.996433
141.1657915
67.3223315
125.6516912
76.07721345
227.4698022
138.3223154
143.6640595
88.72558324
156.5714853
588.7673897
171.5137924
378.8521017
739.4713943
126.2590992
172.9973499
179.114483
315.479165
234.8188568
1273.138092
136.6537888
383.8894173
223.7185423
190.1462977
347.2621774
866.9732313
686.0254061
455.4663294
374.8482185
198.1754402
352.3795044
522.3162491
187.2226713
225.6497388
306.0553535
272.43674
303.4867799
345.2406123
145.7143381
65.31575369
259.1847778
332.8364886
158.6332074
874.7853675
2674.083423
315.2544654
450.2662139
43.51488894
105.484798
111.8029586
28.51342655
32.66176103
214.0690574
252.6617155
133.8285273
271.3624602
57.25647779
208.0187046
131.8618872
283.8603076
169.5833425
233.8019286
91.71178399
184.1331418
196.5132174
111.0933617
80.88562449
136.6601418
251.5077256
168.4904655
424.803276
46.2725087
143.8780013
293.0251129
171.4627283
586.8834597
146.8944079
945.7154848
390.1197376
259.7064632
122.2627193
147.5525884
285.2044836
268.8471049
100.6735687
330.3770049
209.1134626
151.1053635
180.6708142
349.2782061
527.5816324
280.8320282
309.1993872
1267.467705
326.2302814
638.3021284
150.0143074
71.15414813
133.2576597
101.7829927
42.45440508
62.31697414
78.43381039
85.47581362
63.14293464
124.4384988
65.03548334
37.25500154
149.8719888
117.5964243
272.8382524
685.5330475
295.4511961
166.81771
96.23215056
86.42542648
39.45137908
138.9718005
57.58625139
45.30258929
79.71458456
38.13635676
19.27356648
20.29539086
161.1186034
174.5818955
68.0778613
75.28955193
56.04998468
135.5886585
148.4236438
174.363636
128.151116
167.732597
297.8011916
201.679281
188.9561289
62.54018013
78.31860994
249.6538932
646.6087451
200.9922355
615.7431805
228.2524572
216.0069034
274.816711
26.43211445
292.3118366
302.3265968
120.5602252
182.2289419
349.5225182
119.9471421
70.38632215
27.62019154
297.3558567
234.1606137
102.0350947
214.8210353
134.5287066
282.0080068
480.2109189
830.0939824
399.5827127
238.8074036
130.1268914
125.0208895
124.4072865
148.023651
229.2302759
136.7635982
93.52884206
133.0716705
352.7328046
183.9304956
257.2441141
298.3673626
165.9324624
393.2755525
68.07527044
325.0080348
123.1104631
64.43855176
159.5879689
77.47393777
23.98026485
33.40522743
60.59204069
44.2949051
69.43881509
61.18309852
64.0088733
39.31490989
56.08132017
106.1667642
40.9077128
86.79029735
71.91711388
68.49090376
62.96792432
43.00672619
48.16412386
31.35761734
102.5166636
114.7466034
82.84983302
27.02211175
61.9241817
112.3598687
578.4586224
151.4520952
160.4403609
530.6200066
186.2634637
291.5273576
148.3172374
220.4693864
205.4509411
439.2109222
35.29093737
57.4001541
75.93813093
359.3388904
96.23377451
106.2935904
99.90963783
94.16363819
37.07982739
94.09569755
186.9877716
248.226062
304.9358022
141.0406687
32.30119627
135.3193838
47.78745981
73.36366548
285.4297448
63.55931767
268.9208678
281.3926004
130.4598317
47.05728209
91.75336578
69.25886836
144.2432047
92.42582584
156.0410626
55.70316146
9.253681013
16.36205232
42.32253945
20.38667564
132.6722157
258.3787338
52.94887284
54.22946904
35.34091334
55.08854665
17.81431655
103.0698633
25.94035165
44.06559364
21.03300492
219.7122739
223.8159999
234.8281101
168.0683955
200.0700016
825.4273484
45.55177958
111.4270505
76.30262108
22.23051432
54.57319473
163.2361343
159.076066
30.81934983
212.630588
73.58987639
19.21640019
163.4185327
206.993751